1.004289999999999949e+01
1.005352460535272563e+01
1.006416045070972132e+01
1.007480754796203826e+01
1.008546590901330475e+01
1.009613554577973993e+01
1.010681647019017149e+01
1.011750869418604815e+01
1.012821222972145030e+01
1.013892708876310600e+01
1.014965328329039984e+01
1.016039082529539428e+01
1.017113972678283496e+01
1.018189999977016846e+01
1.019267165628755656e+01
1.020345470837788504e+01
1.021424916809678329e+01
1.022505504751263139e+01
1.023587235870658141e+01
1.024670111377256099e+01
1.025754132481729464e+01
1.026839300396031796e+01
1.027925616333398118e+01
1.029013081508347405e+01
1.030101697136683647e+01
1.031191464435496741e+01
1.032282384623164084e+01
1.033374458919352712e+01
1.034467688545018937e+01
1.035562074722411730e+01
1.036657618675072179e+01
1.037754321627836696e+01
1.038852184806837009e+01
1.039951209439501589e+01
1.041051396754558489e+01
1.042152747982034633e+01
1.043255264353258838e+01
1.044358947100862167e+01
1.045463797458780242e+01
1.046569816662253416e+01
1.047677005947829088e+01
1.048785366553363474e+01
1.049894899718021435e+01
1.051005606682278959e+01
1.052117488687924940e+01
1.053230546978061000e+01
1.054344782797105218e+01
1.055460197390790533e+01
1.056576792006169363e+01
1.057694567891612181e+01
1.058813526296810714e+01
1.059933668472779011e+01
1.061054995671853973e+01
1.062177509147697663e+01
1.063301210155298548e+01
1.064426099950972393e+01
1.065552179792364917e+01
1.066679450938451090e+01
1.067807914649538858e+01
1.068937572187268792e+01
1.070068424814616392e+01
1.071200473795893515e+01
1.072333720396749257e+01
1.073468165884171732e+01
1.074603811526489494e+01
1.075740658593372956e+01
1.076878708355835279e+01
1.078017962086235393e+01
1.079158421058276751e+01
1.080300086547011418e+01
1.081442959828840067e+01
1.082587042181513581e+01
1.083732334884134474e+01
1.084878839217159019e+01
1.086026556462397430e+01
1.087175487903016524e+01
1.088325634823539723e+01
1.089476998509850958e+01
1.090629580249193076e+01
1.091783381330171210e+01
1.092938403042754025e+01
1.094094646678274252e+01
1.095252113529431348e+01
1.096410804890292034e+01
1.097570722056292425e+01
1.098731866324238027e+01
1.099894238992307827e+01
1.101057841360053224e+01
1.102222674728400342e+01
1.103388740399652157e+01
1.104556039677489032e+01
1.105724573866970140e+01
1.106894344274536479e+01
1.108065352208009813e+01
1.109237598976596573e+01
1.110411085890887328e+01
1.111585814262859628e+01
1.112761785405879067e+01
1.113939000634700527e+01
1.115117461265469778e+01
1.116297168615725255e+01
1.117478124004398232e+01
1.118660328751816913e+01
1.119843784179705182e+01
1.121028491611185096e+01
1.122214452370779547e+01
1.123401667784411373e+01
1.124590139179407089e+01
1.125779867884496888e+01
1.126970855229816948e+01
1.128163102546910679e+01
1.129356611168729785e+01
1.130551382429636398e+01
1.131747417665404143e+01
1.132944718213220092e+01
1.134143285411685653e+01
1.135343120600818345e+01
1.136544225122053930e+01
1.137746600318246237e+01
1.138950247533670534e+01
1.140155168114024242e+01
1.141361363406428175e+01
1.142568834759427787e+01
1.143777583522996366e+01
1.144987611048534326e+01
1.146198918688872048e+01
1.147411507798271835e+01
1.148625379732427376e+01
1.149840535848467837e+01
1.151056977504956791e+01
1.152274706061896836e+01
1.153493722880727468e+01
1.154714029324329516e+01
1.155935626757025858e+01
1.157158516544582127e+01
1.158382700054209025e+01
1.159608178654563382e+01
1.160834953715750473e+01
1.162063026609325078e+01
1.163292398708292197e+01
1.164523071387110065e+01
1.165755046021690866e+01
1.166988323989402154e+01
1.168222906669068806e+01
1.169458795440974619e+01
1.170695991686863202e+01
1.171934496789939928e+01
1.173174312134873887e+01
1.174415439107798775e+01
1.175657879096314673e+01
1.176901633489490173e+01
1.178146703677862206e+01
1.179393091053440301e+01
1.180640797009705167e+01
1.181889822941612778e+01
1.183140170245594192e+01
1.184391840319558398e+01
1.185644834562892846e+01
1.186899154376465404e+01
1.188154801162626129e+01
1.189411776325208336e+01
1.190670081269531089e+01
1.191929717402399724e+01
1.193190686132107636e+01
1.194452988868438936e+01
1.195716627022668099e+01
1.196981602007563694e+01
1.198247915237388028e+01
1.199515568127900167e+01
1.200784562096356289e+01
1.202054898561512530e+01
1.203326578943625869e+01
1.204599604664455548e+01
1.205873977147265208e+01
1.207149697816823775e+01
1.208426768099407766e+01
1.209705189422803073e+01
1.210984963216304777e+01
1.212266090910721594e+01
1.213548573938374808e+01
1.214832413733100935e+01
1.216117611730254389e+01
1.217404169366707301e+01
1.218692088080851832e+01
1.219981369312602482e+01
1.221272014503396264e+01
1.222564025096195728e+01
1.223857402535489847e+01
1.225152148267295438e+01
1.226448263739159295e+01
1.227745750400159963e+01
1.229044609700908453e+01
1.230344843093550367e+01
1.231646452031768391e+01
1.232949437970782292e+01
1.234253802367351227e+01
1.235559546679776233e+01
1.236866672367900755e+01
1.238175180893112248e+01
1.239485073718344665e+01
1.240796352308079875e+01
1.242109018128348197e+01
1.243423072646731775e+01
1.244738517332364935e+01
1.246055353655935960e+01
1.247373583089689575e+01
1.248693207107427483e+01
1.250014227184511384e+01
1.251336644797862796e+01
1.252660461425966254e+01
1.253985678548870375e+01
1.255312297648189279e+01
1.256640320207104899e+01
1.257969747710368225e+01
1.259300581644300543e+01
1.260632823496796107e+01
1.261966474757322842e+01
1.263301536916924839e+01
1.264638011468223056e+01
1.265975899905417812e+01
1.267315203724290384e+01
1.268655924422204251e+01
1.269998063498106688e+01
1.271341622452531617e+01
1.272686602787599242e+01
1.274033006007019608e+01
1.275380833616093668e+01
1.276730087121714874e+01
1.278080768032369718e+01
1.279432877858142348e+01
1.280786418110713143e+01
1.282141390303362449e+01
1.283497795950970755e+01
1.284855636570022241e+01
1.286214913678604432e+01
1.287575628796411387e+01
1.288937783444744767e+01
1.290301379146515792e+01
1.291666417426246483e+01
1.293032899810072145e+01
1.294400827825742084e+01
1.295770203002622267e+01
1.297141026871695857e+01
1.298513300965567296e+01
1.299887026818460711e+01
1.301262205966224172e+01
1.302638839946330052e+01
1.304016930297878218e+01
1.305396478561595330e+01
1.306777486279839451e+01
1.308159954996599339e+01
1.309543886257498002e+01
1.310929281609792518e+01
1.312316142602377766e+01
1.313704470785786960e+01
1.315094267712193599e+01
1.316485534935413071e+01
1.317878274010905315e+01
1.319272486495774643e+01
1.320668173948773827e+01
1.322065337930304096e+01
1.323463980002417451e+01
1.324864101728818255e+01
1.326265704674865731e+01
1.327668790407574839e+01
1.329073360495618061e+01
1.330479416509327883e+01
1.331886960020697686e+01
1.333295992603383695e+01
1.334706515832708007e+01
1.336118531285658229e+01
1.337532040540890499e+01
1.338947045178731265e+01
1.340363546781178705e+01
1.341781546931904856e+01
1.343201047216257038e+01
1.344622049221259630e+01
1.346044554535615667e+01
1.347468564749709863e+01
1.348894081455608074e+01
1.350321106247061920e+01
1.351749640719508250e+01
1.353179686470071452e+01
1.354611245097566297e+01
1.356044318202498644e+01
1.357478907387067579e+01
1.358915014255167009e+01
1.360352640412387615e+01
1.361791787466019521e+01
1.363232457025051936e+01
1.364674650700177239e+01
1.366118370103791513e+01
1.367563616849996322e+01
1.369010392554601196e+01
1.370458698835124878e+01
1.371908537310797271e+01
1.373359909602561757e+01
1.374812817333075898e+01
1.376267262126714286e+01
1.377723245609569958e+01
1.379180769409455998e+01
1.380639835155908202e+01
1.382100444480185075e+01
1.383562599015272454e+01
1.385026300395882259e+01
1.386491550258456940e+01
1.387958350241169292e+01
1.389426701983926193e+01
1.390896607128368068e+01
1.392368067317873326e+01
1.393841084197558189e+01
1.395315659414279885e+01
1.396791794616637006e+01
1.398269491454973057e+01
1.399748751581377171e+01
1.401229576649686237e+01
1.402711968315486857e+01
1.404195928236116941e+01
1.405681458070667667e+01
1.407168559479985959e+01
1.408657234126675561e+01
1.410147483675098279e+01
1.411639309791378061e+01
1.413132714143400470e+01
1.414627698400816058e+01
1.416124264235041252e+01
1.417622413319261554e+01
1.419122147328431538e+01
1.420623467939278584e+01
1.422126376830303585e+01
1.423630875681782726e+01
1.425136966175770681e+01
1.426644649996101322e+01
1.428153928828389141e+01
1.429664804360032804e+01
1.431177278280215859e+01
1.432691352279908514e+01
1.434207028051870303e+01
1.435724307290651325e+01
1.437243191692594735e+01
1.438763682955837808e+01
1.440285782780314783e+01
1.441809492867757569e+01
1.443334814921699483e+01
1.444861750647475063e+01
1.446390301752223095e+01
1.447920469944889277e+01
1.449452256936226036e+01
1.450985664438796086e+01
1.452520694166974558e+01
1.454057347836949532e+01
1.455595627166724526e+01
1.457135533876120803e+01
1.458677069686779504e+01
1.460220236322162890e+01
1.461765035507556121e+01
1.463311468970069740e+01
1.464859538438641806e+01
1.466409245644039139e+01
1.467960592318859447e+01
1.469513580197533820e+01
1.471068211016328320e+01
1.472624486513344522e+01
1.474182408428524838e+01
1.475741978503650742e+01
1.477303198482346858e+01
1.478866070110083442e+01
1.480430595134175320e+01
1.481996775303787572e+01
1.483564612369935176e+01
1.485134108085485494e+01
1.486705264205159693e+01
1.488278082485536657e+01
1.489852564685052627e+01
1.491428712564004044e+01
1.493006527884550394e+01
1.494586012410714737e+01
1.496167167908386375e+01
1.497749996145322982e+01
1.499334498891152201e+01
1.500920677917373780e+01
1.502508534997362410e+01
1.504098071906367373e+01
1.505689290421517157e+01
1.507282192321820169e+01
1.508876779388166511e+01
1.510473053403330290e+01
1.512071016151972103e+01
1.513670669420640280e+01
1.515272014997773198e+01
1.516875054673701406e+01
1.518479790240649407e+01
1.520086223492737254e+01
1.521694356225983924e+01
1.523304190238308209e+01
1.524915727329529958e+01
1.526528969301374872e+01
1.528143917957472908e+01
1.529760575103363429e+01
1.531378942546495381e+01
1.532999022096229957e+01
1.534620815563842200e+01
1.536244324762524194e+01
1.537869551507385069e+01
1.539496497615455084e+01
1.541125164905686873e+01
1.542755555198956152e+01
1.544387670318066341e+01
1.546021512087748562e+01
1.547657082334664835e+01
1.549294382887408972e+01
1.550933415576509944e+01
1.552574182234432598e+01
1.554216684695581208e+01
1.555860924796300182e+01
1.557506904374876733e+01
1.559154625271542471e+01
1.560804089328476962e+01
1.562455298389807190e+01
1.564108254301612178e+01
1.565762958911923164e+01
1.567419414070727157e+01
1.569077621629967823e+01
1.570737583443548502e+01
1.572399301367333457e+01
1.574062777259150536e+01
1.575728012978792236e+01
1.577395010388019969e+01
1.579063771350563528e+01
1.580734297732125171e+01
1.582406591400380158e+01
1.584080654224980478e+01
1.585756488077555559e+01
1.587434094831714759e+01
1.589113476363050026e+01
1.590794634549136966e+01
1.592477571269538217e+01
1.594162288405803807e+01
1.595848787841475414e+01
1.597537071462087077e+01
1.599227141155166976e+01
1.600918998810240623e+01
1.602612646318832645e+01
1.604308085574468024e+01
1.606005318472676180e+01
1.607704346910990623e+01
1.609405172788953209e+01
1.611107798008114500e+01
1.612812224472037315e+01
1.614518454086298505e+01
1.616226488758490731e+01
1.617936330398224243e+01
1.619647980917129715e+01
1.621361442228860383e+01
1.623076716249094176e+01
1.624793804895535132e+01
1.626512710087916247e+01
1.628233433748002312e+01
1.629955977799589206e+01
1.631680344168509933e+01
1.633406534782634267e+01
1.635134551571870887e+01
1.636864396468171279e+01
1.638596071405530097e+01
1.640329578319988002e+01
1.642064919149633440e+01
1.643802095834606902e+01
1.645541110317099154e+01
1.647281964541357624e+01
1.649024660453684632e+01
1.650769200002443426e+01
1.652515585138057475e+01
1.654263817813014015e+01
1.656013899981865123e+01
1.657765833601231265e+01
1.659519620629803072e+01
1.661275263028342764e+01
1.663032762759686989e+01
1.664792121788749668e+01
1.666553342082522704e+01
1.668316425610078113e+01
1.670081374342573355e+01
1.671848190253248845e+01
1.673616875317434349e+01
1.675387431512547920e+01
1.677159860818100867e+01
1.678934165215697050e+01
1.680710346689038914e+01
1.682488407223925364e+01
1.684268348808257088e+01
1.686050173432038690e+01
1.687833883087377629e+01
1.689619479768491672e+01
1.691406965471706414e+01
1.693196342195460247e+01
1.694987611940305072e+01
1.696780776708909855e+01
1.698575838506062397e+01
1.700372799338670404e+01
1.702171661215765752e+01
1.703972426148504837e+01
1.705775096150173198e+01
1.707579673236184092e+01
1.709386159424084894e+01
1.711194556733556027e+01
1.713004867186415936e+01
1.714817092806620380e+01
1.716631235620267404e+01
1.718447297655598049e+01
1.720265280942999908e+01
1.722085187515007121e+01
1.723907019406305352e+01
1.725730778653732145e+01
1.727556467296280474e+01
1.729384087375099099e+01
1.731213640933497544e+01
1.733045130016946800e+01
1.734878556673081107e+01
1.736713922951701150e+01
1.738551230904776901e+01
1.740390482586447973e+01
1.742231680053028242e+01
1.744074825363006198e+01
1.745919920577048501e+01
1.747766967758001044e+01
1.749615968970893221e+01
1.751466926282938630e+01
1.753319841763537212e+01
1.755174717484279512e+01
1.757031555518945609e+01
1.758890357943511162e+01
1.760751126836148117e+01
1.762613864277225773e+01
1.764478572349315044e+01
1.766345253137189886e+01
1.768213908727830130e+01
1.770084541210422913e+01
1.771957152676365865e+01
1.773831745219268896e+01
1.775708320934957740e+01
1.777586881921473605e+01
1.779467430279079210e+01
1.781349968110257720e+01
1.783234497519716655e+01
1.785121020614391796e+01
1.787009539503445765e+01
1.788900056298273711e+01
1.790792573112504016e+01
1.792687092062001852e+01
1.794583615264869536e+01
1.796482144841451500e+01
1.798382682914334296e+01
1.800285231608350500e+01
1.802189793050581201e+01
1.804096369370356712e+01
1.806004962699259409e+01
1.807915575171129063e+01
1.809828208922061421e+01
1.811742866090411752e+01
1.813659548816797695e+01
1.815578259244102455e+01
1.817498999517475156e+01
1.819421771784335107e+01
1.821346578194371801e+01
1.823273420899551667e+01
1.825202302054115577e+01
1.827133223814583829e+01
1.829066188339758980e+01
1.831001197790726565e+01
1.832938254330858285e+01
1.834877360125815926e+01
1.836818517343549928e+01
1.838761728154307207e+01
1.840706994730628310e+01
1.842654319247352390e+01
1.844603703881620760e+01
1.846555150812877599e+01
1.848508662222871024e+01
1.850464240295659835e+01
1.852421887217611740e+01
1.854381605177407621e+01
1.856343396366044374e+01
1.858307262976836682e+01
1.860273207205419155e+01
1.862241231249749518e+01
1.864211337310110395e+01
1.866183527589112856e+01
1.868157804291697488e+01
1.870134169625138298e+01
1.872112625799043073e+01
1.874093175025359059e+01
1.876075819518371901e+01
1.878060561494710612e+01
1.880047403173348641e+01
1.882036346775608138e+01
1.884027394525159949e+01
1.886020548648027528e+01
1.888015811372590846e+01
1.890013184929584966e+01
1.892012671552106440e+01
1.894014273475614019e+01
1.896017992937931140e+01
1.898023832179249126e+01
1.900031793442128247e+01
1.902041878971502342e+01
1.904054091014679528e+01
1.906068431821346110e+01
1.908084903643567287e+01
1.910103508735792133e+01
1.912124249354853589e+01
1.914147127759972378e+01
1.916172146212760197e+01
1.918199306977219720e+01
1.920228612319750283e+01
1.922260064509148236e+01
1.924293665816610854e+01
1.926329418515736336e+01
1.928367324882529843e+01
1.930407387195403857e+01
1.932449607735181729e+01
1.934493988785099106e+01
1.936540532630806410e+01
1.938589241560374177e+01
1.940640117864292336e+01
1.942693163835473058e+01
1.944748381769255730e+01
1.946805773963407660e+01
1.948865342718126215e+01
1.950927090336043790e+01
1.952991019122226746e+01
1.955057131384182156e+01
1.957125429431855679e+01
1.959195915577639724e+01
1.961268592136370970e+01
1.963343461425335335e+01
1.965420525764270820e+01
1.967499787475369288e+01
1.969581248883278590e+01
1.971664912315107188e+01
1.973750780100424151e+01
1.975838854571264136e+01
1.977929138062128089e+01
1.980021632909987161e+01
1.982116341454284481e+01
1.984213266036938705e+01
1.986312409002345447e+01
1.988413772697380466e+01
1.990517359471403225e+01
1.992623171676257243e+01
1.994731211666275428e+01
1.996841481798280427e+01
1.998953984431589248e+01
2.001068721928013616e+01
2.003185696651864589e+01
2.005304910969955046e+01
2.007426367251600041e+01
2.009550067868622847e+01
2.011676015195355660e+01
2.013804211608641737e+01
2.015934659487839653e+01
2.018067361214824373e+01
2.020202319173991867e+01
2.022339535752259110e+01
2.024479013339069411e+01
2.026620754326393836e+01
2.028764761108733694e+01
2.030911036083122667e+01
2.033059581649131786e+01
2.035210400208870141e+01
2.037363494166987721e+01
2.039518865930678970e+01
2.041676517909683497e+01
2.043836452516292823e+01
2.045998672165347898e+01
2.048163179274245849e+01
2.050329976262941400e+01
2.052499065553948299e+01
2.054670449572343927e+01
2.056844130745771082e+01
2.059020111504440109e+01
2.061198394281133872e+01
2.063378981511207400e+01
2.065561875632592859e+01
2.067747079085801332e+01
2.069934594313926368e+01
2.072124423762645051e+01
2.074316569880222261e+01
2.076511035117513870e+01
2.078707821927966748e+01
2.080906932767625150e+01
2.083108370095130368e+01
2.085312136371725700e+01
2.087518234061256805e+01
2.089726665630178104e+01
2.091937433547550640e+01
2.094150540285050255e+01
2.096365988316965812e+01
2.098583780120203457e+01
2.100803918174291951e+01
2.103026404961381246e+01
2.105251242966247816e+01
2.107478434676296786e+01
2.109707982581563712e+01
2.111939889174721685e+01
2.114174156951076355e+01
2.116410788408577304e+01
2.118649786047813421e+01
2.120891152372021793e+01
2.123134889887085919e+01
2.125381001101540690e+01
2.127629488526575230e+01
2.129880354676035381e+01
2.132133602066425837e+01
2.134389233216914050e+01
2.136647250649332364e+01
2.138907656888181208e+01
2.141170454460630523e+01
2.143435645896526154e+01
2.145703233728389137e+01
2.147973220491417834e+01
2.150245608723496460e+01
2.152520400965190817e+01
2.154797599759756821e+01
2.157077207653138373e+01
2.159359227193975528e+01
2.161643660933602362e+01
2.163930511426053371e+01
2.166219781228064534e+01
2.168511472899077575e+01
2.170805589001239611e+01
2.173102132099410966e+01
2.175401104761164106e+01
2.177702509556787547e+01
2.180006349059289050e+01
2.182312625844399889e+01
2.184621342490574136e+01
2.186932501578995058e+01
2.189246105693575828e+01
2.191562157420963075e+01
2.193880659350541151e+01
2.196201614074433195e+01
2.198525024187503973e+01
2.200850892287363081e+01
2.203179220974370267e+01
2.205510012851634372e+01
2.207843270525018653e+01
2.210178996603143275e+01
2.212517193697387086e+01
2.214857864421894362e+01
2.217201011393571974e+01
2.219546637232096131e+01
2.221894744559915580e+01
2.224245336002251605e+01
2.226598414187104780e+01
2.228953981745254254e+01
2.231312041310262728e+01
2.233672595518480364e+01
2.236035647009043359e+01
2.238401198423883187e+01
2.240769252407724110e+01
2.243139811608089573e+01
2.245512878675302915e+01
2.247888456262492340e+01
2.250266547025591990e+01
2.252647153623345844e+01
2.255030278717310921e+01
2.257415924971860832e+01
2.259804095054185424e+01
2.262194791634298596e+01
2.264588017385038299e+01
2.266983774982069377e+01
2.269382067103887834e+01
2.271782896431824028e+01
2.274186265650043026e+01
2.276592177445552068e+01
2.279000634508199141e+01
2.281411639530678315e+01
2.283825195208532577e+01
2.286241304240157035e+01
2.288659969326800336e+01
2.291081193172568931e+01
2.293504978484431689e+01
2.295931327972219549e+01
2.298360244348630843e+01
2.300791730329233786e+01
2.303225788632468607e+01
2.305662421979652521e+01
2.308101633094981509e+01
2.310543424705533511e+01
2.312987799541271272e+01
2.315434760335044828e+01
2.317884309822596833e+01
2.320336450742563983e+01
2.322791185836479144e+01
2.325248517848775975e+01
2.327708449526792123e+01
2.330170983620771352e+01
2.332636122883866392e+01
2.335103870072143906e+01
2.337574227944584493e+01
2.340047199263089084e+01
2.342522786792479295e+01
2.345000993300503467e+01
2.347481821557835602e+01
2.349965274338082821e+01
2.352451354417785723e+01
2.354940064576422287e+01
2.357431407596410722e+01
2.359925386263113367e+01
2.362422003364839185e+01
2.364921261692845889e+01
2.367423164041345984e+01
2.369927713207506770e+01
2.372434911991454953e+01
2.374944763196279496e+01
2.377457269628035164e+01
2.379972434095745371e+01
2.382490259411403954e+01
2.385010748389981217e+01
2.387533903849424632e+01
2.390059728610663825e+01
2.392588225497611631e+01
2.395119397337168721e+01
2.397653246959225726e+01
2.400189777196669283e+01
2.402728990885380256e+01
2.405270890864241551e+01
2.407815479975138118e+01
2.410362761062962988e+01
2.412912736975616923e+01
2.415465410564015514e+01
2.418020784682088475e+01
2.420578862186786750e+01
2.423139645938081799e+01
2.425703138798971281e+01
2.428269343635482969e+01
2.430838263316675096e+01
2.433409900714641694e+01
2.435984258704515781e+01
2.438561340164471147e+01
2.441141147975726255e+01
2.443723685022548864e+01
2.446308954192257801e+01
2.448896958375225807e+01
2.451487700464883090e+01
2.454081183357722296e+01
2.456677409953299929e+01
2.459276383154237777e+01
2.461878105866232502e+01
2.464482580998050310e+01
2.467089811461539028e+01
2.469699800171623139e+01
2.472312550046313362e+01
2.474928064006705597e+01
2.477546344976988379e+01
2.480167395884441817e+01
2.482791219659443982e+01
2.485417819235471271e+01
2.488047197549106215e+01
2.490679357540036065e+01
2.493314302151058826e+01
2.495952034328085034e+01
2.498592557020142380e+01
2.501235873179378544e+01
2.503881985761063333e+01
2.506530897723595075e+01
2.509182612028499193e+01
2.511837131640435672e+01
2.514494459527201542e+01
2.517154598659731590e+01
2.519817552012104755e+01
2.522483322561547325e+01
2.525151913288433292e+01
2.527823327176290746e+01
2.530497567211804366e+01
2.533174636384817546e+01
2.535854537688337018e+01
2.538537274118536757e+01
2.541222848674759049e+01
2.543911264359520885e+01
2.546602524178514670e+01
2.549296631140611780e+01
2.551993588257868595e+01
2.554693398545526506e+01
2.557396065022017240e+01
2.560101590708967478e+01
2.562809978631197083e+01
2.565521231816729397e+01
2.568235353296788404e+01
2.570952346105806896e+01
2.573672213281426835e+01
2.576394957864503965e+01
2.579120582899111014e+01
2.581849091432541599e+01
2.584580486515312714e+01
2.587314771201167929e+01
2.590051948547082361e+01
2.592792021613264808e+01
2.595534993463162365e+01
2.598280867163460783e+01
2.601029645784092281e+01
2.603781332398236970e+01
2.606535930082324271e+01
2.609293441916039669e+01
2.612053870982326131e+01
2.614817220367388018e+01
2.617583493160696051e+01
2.620352692454987320e+01
2.623124821346271673e+01
2.625899882933834562e+01
2.628677880320240590e+01
2.631458816611335294e+01
2.634242694916251537e+01
2.637029518347409862e+01
2.639819290020524178e+01
2.642612013054605669e+01
2.645407690571963499e+01
2.648206325698210506e+01
2.651007921562266745e+01
2.653812481296361980e+01
2.656620008036039238e+01
2.659430504920159777e+01
2.662243975090904513e+01
2.665060421693778636e+01
2.667879847877615873e+01
2.670702256794580265e+01
2.673527651600171495e+01
2.676356035453226312e+01
2.679187411515924566e+01
2.682021782953790279e+01
2.684859152935697324e+01
2.687699524633870851e+01
2.690542901223893679e+01
2.693389285884706297e+01
2.696238681798613612e+01
2.699091092151286375e+01
2.701946520131766150e+01
2.704804968932467446e+01
2.707666441749183051e+01
2.710530941781086156e+01
2.713398472230734271e+01
2.716269036304072770e+01
2.719142637210440228e+01
2.722019278162568057e+01
2.724898962376587974e+01
2.727781693072034486e+01
2.730667473471846662e+01
2.733556306802374181e+01
2.736448196293380519e+01
2.739343145178044026e+01
2.742241156692965376e+01
2.745142234078168642e+01
2.748046380577106262e+01
2.750953599436659758e+01
2.753863893907147897e+01
2.756777267242328122e+01
2.759693722699398322e+01
2.762613263539003228e+01
2.765535893025237257e+01
2.768461614425648065e+01
2.771390431011239741e+01
2.774322346056476363e+01
2.777257362839287325e+01
2.780195484641068759e+01
2.783136714746689222e+01
2.786081056444491821e+01
2.789028513026298128e+01
2.791979087787412439e+01
2.794932784026626393e+01
2.797889605046219685e+01
2.800849554151966458e+01
2.803812634653137792e+01
2.806778849862506675e+01
2.809748203096349428e+01
2.812720697674452097e+01
2.815696336920110809e+01
2.818675124160139234e+01
2.821657062724871068e+01
2.824642155948161104e+01
2.827630407167391979e+01
2.830621819723477373e+01
2.833616396960866268e+01
2.836614142227543667e+01
2.839615058875037690e+01
2.842619150258422778e+01
2.845626419736321822e+01
2.848636870670911136e+01
2.851650506427922949e+01
2.854667330376651790e+01
2.857687345889956276e+01
2.860710556344262656e+01
2.863736965119569433e+01
2.866766575599450917e+01
2.869799391171060776e+01
2.872835415225137012e+01
2.875874651156003026e+01
2.878917102361574365e+01
2.881962772243361570e+01
2.885011664206472304e+01
2.888063781659617746e+01
2.891119128015115436e+01
2.894177706688892471e+01
2.897239521100488702e+01
2.900304574673063129e+01
2.903372870833395325e+01
2.906444413011890404e+01
2.909519204642582579e+01
2.912597249163139423e+01
2.915678550014863646e+01
2.918763110642701264e+01
2.921850934495240537e+01
2.924942025024719072e+01
2.928036385687025955e+01
2.931134019941707436e+01
2.934234931251968703e+01
2.937339123084678860e+01
2.940446598910375542e+01
2.943557362203267402e+01
2.946671416441238023e+01
2.949788765105850530e+01
2.952909411682351859e+01
2.956033359659676307e+01
2.959160612530447310e+01
2.962291173790985610e+01
2.965425046941309617e+01
2.968562235485140022e+01
2.971702742929904062e+01
2.974846572786742271e+01
2.977993728570505638e+01
2.981144213799766973e+01
2.984298031996819489e+01
2.987455186687682840e+01
2.990615681402108805e+01
2.993779519673580580e+01
2.996946705039321301e+01
3.000117241040295823e+01
3.003291131221215338e+01
3.006468379130540214e+01
3.009648988320485685e+01
3.012832962347024690e+01
3.016020304769892135e+01
3.019211019152588449e+01
3.022405109062384554e+01
3.025602578070324711e+01
3.028803429751232201e+01
3.032007667683709329e+01
3.035215295450148432e+01
3.038426316636729041e+01
3.041640734833424986e+01
3.044858553634007592e+01
3.048079776636051008e+01
3.051304407440935762e+01
3.054532449653851245e+01
3.057763906883800331e+01
3.060998782743606128e+01
3.064237080849911976e+01
3.067478804823187843e+01
3.070723958287733879e+01
3.073972544871685031e+01
3.077224568207013178e+01
3.080480031929533880e+01
3.083738939678908864e+01
3.087001295098649578e+01
3.090267101836122876e+01
3.093536363542553502e+01
3.096809083873029422e+01
3.100085266486505731e+01
3.103364915045807493e+01
3.106648033217635430e+01
3.109934624672569115e+01
3.113224693085070882e+01
3.116518242133491512e+01
3.119815275500072005e+01
3.123115796870949623e+01
3.126419809936160732e+01
3.129727318389645774e+01
3.133038325929253887e+01
3.136352836256744681e+01
3.139670853077794987e+01
3.142992380102000638e+01
3.146317421042884277e+01
3.149645979617895719e+01
3.152978059548416923e+01
3.156313664559768029e+01
3.159652798381209493e+01
3.162995464745947771e+01
3.166341667391138159e+01
3.169691410057889058e+01
3.173044696491268368e+01
3.176401530440303844e+01
3.179761915657991622e+01
3.183125855901296575e+01
3.186493354931158706e+01
3.189864416512496348e+01
3.193239044414212202e+01
3.196617242409194759e+01
3.199999014274323983e+01
3.203384363790476641e+01
3.206773294742528435e+01
3.210165810919358620e+01
3.213561916113856398e+01
3.216961614122922697e+01
3.220364908747475852e+01
3.223771803792452317e+01
3.227182303066818747e+01
3.230596410383567729e+01
3.234014129559726314e+01
3.237435464416361697e+01
3.240860418778582641e+01
3.244288996475540898e+01
3.247721201340443997e+01
3.251157037210552403e+01
3.254596507927186622e+01
3.258039617335732174e+01
3.261486369285640308e+01
3.264936767630435099e+01
3.268390816227720563e+01
3.271848518939176387e+01
3.275309879630572851e+01
3.278774902171765859e+01
3.282243590436708303e+01
3.285715948303449352e+01
3.289191979654142983e+01
3.292671688375047268e+01
3.296155078356533608e+01
3.299642153493088870e+01
3.303132917683319647e+01
3.306627374829959365e+01
3.310125528839864018e+01
3.313627383624029932e+01
3.317132943097587372e+01
3.320642211179806935e+01
3.324155191794109498e+01
3.327671888868063377e+01
3.331192306333394981e+01
3.334716448125986688e+01
3.338244318185887494e+01
3.341775920457313021e+01
3.345311258888651906e+01
3.348850337432470070e+01
3.352393160045515685e+01
3.355939730688722022e+01
3.359490053327211712e+01
3.363044131930304559e+01
3.366601970471518257e+01
3.370163572928573359e+01
3.373728943283400383e+01
3.377298085522140525e+01
3.380871003635154182e+01
3.384447701617020243e+01
3.388028183466547461e+01
3.391612453186770892e+01
3.395200514784963985e+01
3.398792372272637863e+01
3.402388029665546298e+01
3.405987490983693533e+01
3.409590760251337116e+01
3.413197841496989327e+01
3.416808738753427122e+01
3.420423456057690714e+01
3.424041997451094232e+01
3.427664366979225008e+01
3.431290568691952103e+01
3.434920606643427732e+01
3.438554484892093654e+01
3.442192207500684731e+01
3.445833778536233183e+01
3.449479202070075701e+01
3.453128482177855574e+01
3.456781622939527665e+01
3.460438628439361253e+01
3.464099502765948557e+01
3.467764250012207583e+01
3.471432874275384961e+01
3.475105379657061633e+01
3.478781770263159956e+01
3.482462050203943704e+01
3.486146223594025173e+01
3.489834294552371574e+01
3.493526267202304325e+01
3.497222145671511839e+01
3.500921934092044552e+01
3.504625636600326288e+01
3.508333257337156397e+01
3.512044800447716142e+01
3.515760270081570837e+01
3.519479670392676240e+01
3.523203005539382815e+01
3.526930279684438574e+01
3.530661496994998316e+01
3.534396661642622917e+01
3.538135777803286430e+01
3.541878849657383910e+01
3.545625881389729273e+01
3.549376877189564539e+01
3.553131841250565515e+01
3.556890777770841083e+01
3.560653690952945283e+01
3.564420585003875885e+01
3.568191464135082924e+01
3.571966332562467983e+01
3.575745194506397695e+01
3.579528054191700903e+01
3.583314915847675053e+01
3.587105783708095430e+01
3.590900662011211608e+01
3.594699554999760949e+01
3.598502466920967890e+01
3.602309402026547502e+01
3.606120364572718984e+01
3.609935358820197848e+01
3.613754389034210135e+01
3.617577459484494540e+01
3.621404574445304547e+01
3.625235738195419799e+01
3.629070955018141831e+01
3.632910229201306151e+01
3.636753565037282954e+01
3.640600966822985640e+01
3.644452438859871535e+01
3.648307985453948277e+01
3.652167610915780926e+01
3.656031319560493387e+01
3.659899115707774087e+01
3.663771003681882377e+01
3.667646987811652792e+01
3.671527072430498606e+01
3.675411261876416802e+01
3.679299560491995180e+01
3.683191972624414490e+01
3.687088502625455533e+01
3.690989154851502008e+01
3.694893933663546193e+01
3.698802843427194631e+01
3.702715888512672393e+01
3.706633073294827341e+01
3.710554402153135811e+01
3.714479879471707591e+01
3.718409509639290889e+01
3.722343297049275179e+01
3.726281246099699729e+01
3.730223361193254306e+01
3.734169646737289838e+01
3.738120107143815574e+01
3.742074746829511867e+01
3.746033570215730890e+01
3.749996581728500189e+01
3.753963785798532626e+01
3.757935186861226384e+01
3.761910789356672069e+01
3.765890597729658396e+01
3.769874616429676450e+01
3.773862849910923245e+01
3.777855302632309531e+01
3.781851979057461932e+01
3.785852883654729339e+01
3.789858020897189306e+01
3.793867395262650177e+01
3.797881011233657489e+01
3.801898873297499648e+01
3.805920985946211488e+01
3.809947353676581372e+01
3.813977980990152616e+01
3.818012872393232726e+01
3.822052032396896948e+01
3.826095465516990402e+01
3.830143176274138739e+01
3.834195169193747432e+01
3.838251448806011012e+01
3.842312019645916621e+01
3.846376886253246852e+01
3.850446053172590410e+01
3.854519524953342113e+01
3.858597306149709283e+01
3.862679401320718142e+01
3.866765815030216658e+01
3.870856551846883065e+01
3.874951616344226579e+01
3.879051013100597345e+01
3.883154746699187854e+01
3.887262821728036499e+01
3.891375242780041077e+01
3.895492014452953811e+01
3.899613141349392720e+01
3.903738628076845174e+01
3.907868479247672155e+01
3.912002699479114654e+01
3.916141293393297929e+01
3.920284265617237907e+01
3.924431620782845442e+01
3.928583363526929872e+01
3.932739498491207542e+01
3.936900030322306066e+01
3.941064963671766463e+01
3.945234303196053105e+01
3.949408053556555132e+01
3.953586219419592851e+01
3.957768805456424843e+01
3.961955816343250092e+01
3.966147256761213669e+01
3.970343131396415970e+01
3.974543444939913428e+01
3.978748202087723485e+01
3.982957407540833117e+01
3.987171066005203812e+01
3.991389182191772989e+01
3.995611760816465363e+01
3.999838806600190821e+01
4.004070324268855074e+01
4.008306318553366054e+01
4.012546794189631783e+01
4.016791755918574580e+01
4.021041208486130358e+01
4.025295156643257144e+01
4.029553605145936501e+01
4.033816558755184900e+01
4.038084022237052295e+01
4.042356000362634205e+01
4.046632497908071713e+01
4.050913519654556438e+01
4.055199070388343330e+01
4.059489154900745689e+01
4.063783777988148671e+01
4.068082944452011418e+01
4.072386659098870609e+01
4.076694926740350411e+01
4.081007752193163896e+01
4.085325140279121570e+01
4.089647095825131373e+01
4.093973623663211470e+01
4.098304728630489535e+01
4.102640415569211996e+01
4.106980689326748291e+01
4.111325554755593714e+01
4.115675016713379364e+01
4.120029080062873561e+01
4.124387749671991799e+01
4.128751030413797452e+01
4.133118927166507461e+01
4.137491444813503705e+01
4.141868588243330862e+01
4.146250362349706364e+01
4.150636772031526789e+01
4.155027822192869280e+01
4.159423517742996523e+01
4.163823863596371666e+01
4.168228864672650502e+01
4.172638525896697104e+01
4.177052852198583821e+01
4.181471848513599809e+01
4.185895519782255292e+01
4.190323870950286533e+01
4.194756906968662236e+01
4.199194632793589221e+01
4.203637053386515277e+01
4.208084173714142651e+01
4.212535998748420241e+01
4.216992533466562065e+01
4.221453782851050107e+01
4.225919751889630049e+01
4.230390445575328329e+01
4.234865868906454978e+01
4.239346026886605046e+01
4.243830924524668546e+01
4.248320566834833301e+01
4.252814958836593462e+01
4.257314105554752359e+01
4.261818012019428181e+01
4.266326683266063924e+01
4.270840124335427390e+01
4.275358340273615454e+01
4.279881336132071112e+01
4.284409116967574960e+01
4.288941687842262240e+01
4.293479053823618585e+01
4.298021219984494223e+01
4.302568191403105402e+01
4.307119973163038651e+01
4.311676570353262150e+01
4.316237988068124309e+01
4.320804231407363716e+01
4.325375305476117660e+01
4.329951215384917873e+01
4.334531966249709001e+01
4.339117563191844340e+01
4.343708011338094366e+01
4.348303315820656678e+01
4.352903481777157424e+01
4.357508514350654139e+01
4.362118418689651378e+01
4.366733199948095034e+01
4.371352863285386547e+01
4.375977413866384325e+01
4.380606856861412268e+01
4.385241197446259775e+01
4.389880440802201633e+01
4.394524592115980965e+01
4.399173656579837655e+01
4.403827639391501236e+01
4.408486545754200847e+01
4.413150380876668066e+01
4.417819149973146864e+01
4.422492858263399285e+01
4.427171510972705448e+01
4.431855113331874918e+01
4.436543670577250964e+01
4.441237187950720511e+01
4.445935670699708453e+01
4.450639124077197550e+01
4.455347553341722744e+01
4.460060963757386787e+01
4.464779360593860247e+01
4.469502749126384344e+01
4.474231134635786589e+01
4.478964522408479354e+01
4.483702917736466986e+01
4.488446325917350066e+01
4.493194752254341040e+01
4.497948202056252853e+01
4.502706680637523107e+01
4.507470193318208374e+01
4.512238745423991304e+01
4.517012342286191995e+01
4.521790989241769410e+01
4.526574691633328484e+01
4.531363454809128655e+01
4.536157284123081013e+01
4.540956184934768203e+01
4.545760162609437316e+01
4.550569222518014101e+01
4.555383370037107227e+01
4.560202610549012547e+01
4.565026949441717363e+01
4.569856392108910370e+01
4.574690943949990185e+01
4.579530610370062504e+01
4.584375396779954315e+01
4.589225308596213893e+01
4.594080351241125015e+01
4.598940530142699856e+01
4.603805850734701721e+01
4.608676318456635101e+01
4.613551938753765569e+01
4.618432717077114091e+01
4.623318658883468402e+01
4.628209769635395787e+01
4.633106054801233142e+01
4.638007519855108285e+01
4.642914170276941377e+01
4.647826011552446346e+01
4.652743049173139411e+01
4.657665288636351875e+01
4.662592735445225856e+01
4.667525395108727082e+01
4.672463273141650575e+01
4.677406375064622068e+01
4.682354706404113642e+01
4.687308272692438038e+01
4.692267079467762869e+01
4.697231132274114884e+01
4.702200436661387073e+01
4.707174998185344350e+01
4.712154822407622135e+01
4.717139914895749087e+01
4.722130281223138581e+01
4.727125926969102920e+01
4.732126857718853330e+01
4.737133079063514174e+01
4.742144596600118689e+01
4.747161415931630302e+01
4.752183542666929839e+01
4.757210982420839684e+01
4.762243740814119519e+01
4.767281823473473423e+01
4.772325236031559825e+01
4.777373984126998607e+01
4.782428073404371105e+01
4.787487509514230055e+01
4.792552298113108122e+01
4.797622444863522162e+01
4.802697955433980326e+01
4.807778835498983483e+01
4.812865090739038010e+01
4.817956726840662895e+01
4.823053749496386899e+01
4.828156164404767026e+01
4.833263977270385681e+01
4.838377193803860621e+01
4.843495819721850637e+01
4.848619860747062660e+01
4.853749322608258865e+01
4.858884211040262358e+01
4.864024531783960015e+01
4.869170290586315275e+01
4.874321493200369559e+01
4.879478145385250798e+01
4.884640252906181956e+01
4.889807821534482457e+01
4.894980857047576706e+01
4.900159365229005459e+01
4.905343351868421564e+01
4.910532822761611271e+01
4.915727783710484289e+01
4.920928240523093677e+01
4.926134199013631587e+01
4.931345665002446310e+01
4.936562644316042281e+01
4.941785142787085761e+01
4.947013166254419048e+01
4.952246720563051952e+01
4.957485811564187372e+01
4.962730445115212774e+01
4.967980627079714395e+01
4.973236363327481513e+01
4.978497659734512126e+01
4.983764522183021484e+01
4.989036956561447766e+01
4.994314968764457774e+01
4.999598564692956870e+01
5.004887750254088985e+01
5.010182531361252245e+01
5.015482913934097553e+01
5.020788903898537114e+01
5.026100507186755806e+01
5.031417729737212596e+01
5.036740577494649074e+01
5.042069056410093708e+01
5.047403172440876062e+01
5.052742931550621108e+01
5.058088339709270542e+01
5.063439402893072838e+01
5.068796127084608827e+01
5.074158518272778906e+01
5.079526582452828620e+01
5.084900325626335871e+01
5.090279753801236495e+01
5.095664872991820005e+01
5.101055689218733846e+01
5.106452208508999036e+01
5.111854436896014420e+01
5.117262380419556678e+01
5.122676045125795952e+01
5.128095437067298690e+01
5.133520562303030488e+01
5.138951426898373143e+01
5.144388036925118968e+01
5.149830398461487846e+01
5.155278517592128651e+01
5.160732400408127774e+01
5.166192053007011964e+01
5.171657481492765385e+01
5.177128691975825348e+01
5.182605690573093682e+01
5.188088483407942419e+01
5.193577076610226584e+01
5.199071476316281348e+01
5.204571688668934826e+01
5.210077719817513753e+01
5.215589575917850595e+01
5.221107263132290655e+01
5.226630787629699171e+01
5.232160155585465589e+01
5.237695373181512082e+01
5.243236446606302081e+01
5.248783382054848801e+01
5.254336185728715236e+01
5.259894863836024115e+01
5.265459422591470684e+01
5.271029868216321290e+01
5.276606206938424748e+01
5.282188444992219445e+01
5.287776588618737605e+01
5.293370644065613817e+01
5.298970617587096399e+01
5.304576515444043139e+01
5.310188343903941188e+01
5.315806109240907062e+01
5.321429817735692325e+01
5.327059475675694955e+01
5.332695089354965035e+01
5.338336665074210430e+01
5.343984209140802477e+01
5.349637727868790193e+01
5.355297227578898855e+01
5.360962714598539947e+01
5.366634195261821105e+01
5.372311675909551809e+01
5.377995162889244796e+01
5.383684662555133116e+01
5.389380181268170134e+01
5.395081725396038053e+01
5.400789301313155022e+01
5.406502915400685083e+01
5.412222574046543855e+01
5.417948283645399954e+01
5.423680050598689206e+01
5.429417881314623173e+01
5.435161782208187731e+01
5.440911759701158701e+01
5.446667820222106116e+01
5.452429970206397059e+01
5.458198216096209876e+01
5.463972564340538440e+01
5.469753021395194992e+01
5.475539593722828613e+01
5.481332287792919544e+01
5.487131110081793395e+01
5.492936067072629669e+01
5.498747165255464608e+01
5.504564411127199719e+01
5.510387811191610297e+01
5.516217371959352533e+01
5.522053099947972044e+01
5.527895001681906706e+01
5.533743083692496612e+01
5.539597352517995432e+01
5.545457814703568999e+01
5.551324476801309515e+01
5.557197345370241237e+01
5.563076426976327582e+01
5.568961728192475391e+01
5.574853255598549140e+01
5.580751015781373781e+01
5.586655015334737584e+01
5.592565260859412035e+01
5.598481758963144728e+01
5.604404516260677838e+01
5.610333539373752387e+01
5.616268834931111087e+01
5.622210409568509704e+01
5.628158269928728430e+01
5.634112422661570463e+01
5.640072874423874794e+01
5.646039631879526155e+01
5.652012701699453601e+01
5.657992090561647558e+01
5.663977805151164091e+01
5.669969852160127743e+01
5.675968238287742906e+01
5.681972970240306609e+01
5.687984054731204253e+01
5.694001498480929513e+01
5.700025308217078646e+01
5.706055490674370390e+01
5.712092052594647384e+01
5.718135000726884698e+01
5.724184341827195510e+01
5.730240082658843903e+01
5.736302229992243440e+01
5.742370790604977060e+01
5.748445771281789973e+01
5.754527178814615240e+01
5.760615020002560982e+01
5.766709301651934538e+01
5.772810030576242468e+01
5.778917213596199076e+01
5.785030857539732096e+01
5.791150969241998325e+01
5.797277555545380778e+01
5.803410623299501481e+01
5.809550179361232836e+01
5.815696230594697624e+01
5.821848783871278954e+01
5.828007846069634468e+01
5.834173424075694925e+01
5.840345524782676989e+01
5.846524155091088915e+01
5.852709321908741913e+01
5.858901032150752997e+01
5.865099292739552084e+01
5.871304110604899051e+01
5.877515492683880893e+01
5.883733445920921667e+01
5.889957977267796707e+01
5.896189093683631199e+01
5.902426802134918660e+01
5.908671109595513826e+01
5.914922023046656818e+01
5.921179549476971715e+01
5.927443695882472241e+01
5.933714469266578817e+01
5.939991876640115720e+01
5.946275925021328135e+01
5.952566621435884997e+01
5.958863972916886098e+01
5.965167986504874875e+01
5.971478669247838411e+01
5.977796028201224487e+01
5.984120070427943006e+01
5.990450802998377355e+01
5.996788232990387257e+01
6.003132367489324395e+01
6.009483213588033834e+01
6.015840778386865395e+01
6.022205068993680754e+01
6.028576092523857710e+01
6.034953856100307235e+01
6.041338366853473474e+01
6.047729631921339433e+01
6.054127658449446869e+01
6.060532453590894875e+01
6.066944024506344135e+01
6.073362378364039671e+01
6.079787522339802308e+01
6.086219463617049996e+01
6.092658209386796386e+01
6.099103766847666463e+01
6.105556143205895125e+01
6.112015345675347078e+01
6.118481381477515413e+01
6.124954257841531557e+01
6.131433982004178063e+01
6.137920561209892867e+01
6.144414002710776401e+01
6.150914313766601538e+01
6.157421501644822115e+01
6.163935573620581465e+01
6.170456536976716677e+01
6.176984399003771387e+01
6.183519167000000039e+01
6.190060848271384941e+01
6.196609450131626318e+01
6.203164979902170728e+01
6.209727444912208227e+01
6.216296852498678049e+01
6.222873210006288502e+01
6.229456524787511285e+01
6.236046804202601379e+01
6.242644055619598475e+01
6.249248286414336917e+01
6.255859503970454227e+01
6.262477715679401058e+01
6.269102928940441188e+01
6.275735151160677106e+01
6.282374389755035793e+01
6.289020652146297152e+01
6.295673945765091162e+01
6.302334278049906402e+01
6.309001656447105688e+01
6.315676088410923228e+01
6.322357581403484517e+01
6.329046142894807758e+01
6.335741780362812392e+01
6.342444501293331882e+01
6.349154313180116560e+01
6.355871223524846414e+01
6.362595239837133931e+01
6.369326369634542573e+01
6.376064620442581088e+01
6.382809999794726252e+01
6.389562515232421447e+01
6.396322174305089447e+01
6.403088984570139530e+01
6.409862953592974577e+01
6.416644088947002444e+01
6.423432398213641648e+01
6.430227888982335571e+01
6.437030568850552470e+01
6.443840445423798258e+01
6.450657526315627877e+01
6.457481819147643876e+01
6.464313331549523411e+01
6.471152071159004038e+01
6.477998045621910705e+01
6.484851262592152921e+01
6.491711729731738956e+01
6.498579454710782954e+01
6.505454445207513459e+01
6.512336708908283356e+01
6.519226253507571300e+01
6.526123086708004450e+01
6.533027216220354205e+01
6.539938649763547573e+01
6.546857395064681384e+01
6.553783459859025129e+01
6.560716851890032331e+01
6.567657578909349070e+01
6.574605648676819669e+01
6.581561068960500904e+01
6.588523847536663425e+01
6.595493992189810228e+01
6.602471510712673819e+01
6.609456410906236101e+01
6.616448700579726960e+01
6.623448387550641314e+01
6.630455479644743377e+01
6.637469984696075187e+01
6.644491910546969393e+01
6.651521265048050680e+01
6.658558056058255659e+01
6.665602291444828609e+01
6.672653979083339948e+01
6.679713126857691918e+01
6.686779742660127113e+01
6.693853834391234159e+01
6.700935409959966194e+01
6.708024477283639442e+01
6.715121044287944585e+01
6.722225118906960972e+01
6.729336709083160883e+01
6.736455822767415214e+01
6.743582467919010526e+01
6.750716652505653315e+01
6.757858384503474269e+01
6.765007671897051011e+01
6.772164522679399568e+01
6.779328944851995686e+01
6.786500946424783365e+01
6.793680535416174848e+01
6.800867719853067683e+01
6.808062507770850402e+01
6.815264907213416734e+01
6.822474926233161341e+01
6.829692572891008240e+01
6.836917855256399434e+01
6.844150781407319073e+01
6.851391359430300554e+01
6.858639597420423684e+01
6.865895503481337414e+01
6.873159085725262685e+01
6.880430352273003791e+01
6.887709311253955491e+01
6.894995970806111529e+01
6.902290339076076009e+01
6.909592424219071916e+01
6.916902234398949645e+01
6.924219777788195529e+01
6.931545062567943205e+01
6.938878096927977879e+01
6.946218889066754798e+01
6.953567447191394990e+01
6.960923779517710841e+01
6.968287894270198990e+01
6.975659799682060225e+01
6.983039503995203745e+01
6.990427015460261373e+01
6.997822342336590395e+01
7.005225492892286354e+01
7.012636475404190151e+01
7.020055298157905099e+01
7.027481969447794086e+01
7.034916497576995198e+01
7.042358890857434517e+01
7.049809157609826116e+01
7.057267306163691956e+01
7.064733344857361885e+01
7.072207282037990694e+01
7.079689126061559534e+01
7.087178885292894392e+01
7.094676568105667513e+01
7.102182182882407346e+01
7.109695738014518440e+01
7.117217241902274338e+01
7.124746702954838895e+01
7.132284129590273380e+01
7.139829530235543587e+01
7.147382913326531195e+01
7.154944287308039463e+01
7.162513660633808854e+01
7.170091041766521300e+01
7.177676439177812995e+01
7.185269861348281495e+01
7.192871316767497092e+01
7.200480813934009916e+01
7.208098361355364148e+01
7.215723967548098017e+01
7.223357641037765120e+01
7.230999390358937262e+01
7.238649224055215825e+01
7.246307150679236031e+01
7.253973178792686838e+01
7.261647316966313781e+01
7.269329573779926079e+01
7.277019957822412266e+01
7.284718477691748717e+01
7.292425141995003912e+01
7.300139959348355490e+01
7.307862938377094508e+01
7.315594087715635396e+01
7.323333416007533003e+01
7.331080931905479758e+01
7.338836644071325566e+01
7.346600561176082067e+01
7.354372691899935433e+01
7.362153044932254886e+01
7.369941628971601233e+01
7.377738452725738227e+01
7.385543524911642521e+01
7.393356854255512189e+01
7.401178449492775258e+01
7.409008319368105333e+01
7.416846472635420184e+01
7.424692918057907320e+01
7.432547664408018306e+01
7.440410720467485817e+01
7.448282095027337846e+01
7.456161796887897708e+01
7.464049834858801091e+01
7.471946217759003162e+01
7.479850954416787090e+01
7.487764053669778264e+01
7.495685524364949970e+01
7.503615375358636186e+01
7.511553615516540106e+01
7.519500253713744087e+01
7.527455298834715336e+01
7.535418759773325803e+01
7.543390645432856445e+01
7.551370964726004331e+01
7.559359726574894012e+01
7.567356939911094571e+01
7.575362613675619627e+01
7.583376756818941544e+01
7.591399378301005640e+01
7.599430487091231612e+01
7.607470092168529163e+01
7.615518202521309377e+01
7.623574827147488975e+01
7.631639975054507374e+01
7.639713655259330949e+01
7.647795876788464398e+01
7.655886648677964956e+01
7.663985979973445239e+01
7.672093879730091714e+01
7.680210357012666123e+01
7.688335420895525374e+01
7.696469080462618706e+01
7.704611344807514683e+01
7.712762223033395514e+01
7.720921724253074103e+01
7.729089857589009682e+01
7.737266632173304970e+01
7.745452057147727487e+01
7.753646141663715241e+01
7.761848894882392358e+01
7.770060325974566240e+01
7.778280444120751724e+01
7.786509258511175346e+01
7.794746778345785287e+01
7.802993012834262743e+01
7.811247971196033291e+01
7.819511662660272577e+01
7.827784096465924790e+01
7.836065281861704079e+01
7.844355228106111610e+01
7.852653944467439828e+01
7.860961440223792351e+01
7.869277724663083973e+01
7.877602807083054870e+01
7.885936696791281975e+01
7.894279403105191761e+01
7.902630935352064512e+01
7.910991302869049946e+01
7.919360515003174328e+01
7.927738581111354677e+01
7.936125510560405871e+01
7.944521312727049178e+01
7.952925996997929303e+01
7.961339572769620077e+01
7.969762049448635821e+01
7.978193436451444143e+01
7.986633743204471614e+01
7.995082979144119406e+01
8.003541153716770395e+01
8.012008276378801952e+01
8.020484356596594466e+01
8.028969403846545561e+01
8.037463427615075773e+01
8.045966437398638504e+01
8.054478442703741337e+01
8.062999453046943188e+01
8.071529477954871368e+01
8.080068526964235787e+01
8.088616609621830378e+01
8.097173735484551571e+01
8.105739914119402556e+01
8.114315155103513177e+01
8.122899468024144198e+01
8.131492862478694406e+01
8.140095348074719084e+01
8.148706934429937121e+01
8.157327631172245219e+01
8.165957447939719316e+01
8.174596394380637321e+01
8.183244480153479117e+01
8.191901714926949296e+01
8.200568108379975740e+01
8.209243670201725251e+01
8.217928410091622027e+01
8.226622337759341974e+01
8.235325462924842554e+01
8.244037795318354256e+01
8.252759344680411857e+01
8.261490120761843059e+01
8.270230133323804012e+01
8.278979392137767945e+01
8.287737906985549330e+01
8.296505687659312400e+01
8.305282743961575420e+01
8.314069085705231998e+01
8.322864722713555352e+01
8.331669664820211096e+01
8.340483921869268613e+01
8.349307503715209577e+01
8.358140420222939326e+01
8.366982681267808175e+01
8.375834296735604312e+01
8.384695276522579377e+01
8.393565630535454147e+01
8.402445368691427063e+01
8.411334500918191281e+01
8.420233037153940359e+01
8.429140987347381042e+01
8.438058361457750323e+01
8.446985169454816855e+01
8.455921421318895170e+01
8.464867127040864148e+01
8.473822296622164174e+01
8.482786940074824145e+01
8.491761067421458620e+01
8.500744688695291984e+01
8.509737813940155604e+01
8.518740453210511987e+01
8.527752616571456201e+01
8.536774314098737193e+01
8.545805555878757787e+01
8.554846352008591737e+01
8.563896712595999361e+01
8.572956647759428961e+01
8.582026167628038138e+01
8.591105282341695215e+01
8.600194002050999131e+01
8.609292336917287969e+01
8.618400297112646058e+01
8.627517892819923873e+01
8.636645134232739451e+01
8.645782031555498293e+01
8.654928595003399039e+01
8.664084834802454793e+01
8.673250761189481750e+01
8.682426384412141829e+01
8.691611714728927041e+01
8.700806762409189332e+01
8.710011537733137743e+01
8.719226050991866828e+01
8.728450312487348128e+01
8.737684332532458598e+01
8.746928121450979177e+01
8.756181689577621796e+01
8.765445047258020850e+01
8.774718204848767300e+01
8.784001172717397310e+01
8.793293961242423507e+01
8.802596580813333560e+01
8.811909041830607237e+01
8.821231354705726346e+01
8.830563529861190375e+01
8.839905577730523589e+01
8.849257508758286406e+01
8.858619333400091023e+01
8.867991062122608525e+01
8.877372705403584519e+01
8.886764273731853336e+01
8.896165777607335201e+01
8.905577227541066065e+01
8.914998634055201876e+01
8.924430007683029942e+01
8.933871358968976040e+01
8.943322698468627152e+01
8.952784036748731467e+01
8.962255384387225376e+01
8.971736751973224955e+01
8.981228150107052954e+01
8.990729589400250177e+01
9.000241080475579736e+01
9.009762633967042689e+01
9.019294260519892248e+01
9.028835970790642307e+01
9.038387775447077388e+01
9.047949685168273959e+01
9.057521710644600432e+01
9.067103862577739903e+01
9.076696151680691571e+01
9.086298588677793475e+01
9.095911184304722497e+01
9.105533949308521358e+01
9.115166894447598622e+01
9.124810030491740065e+01
9.134463368222131407e+01
9.144126918431359741e+01
9.153800691923433419e+01
9.163484699513787746e+01
9.173178952029300603e+01
9.182883460308305246e+01
9.192598235200598822e+01
9.202323287567460852e+01
9.212058628281653228e+01
9.221804268227450052e+01
9.231560218300631959e+01
9.241326489408514533e+01
9.251103092469944045e+01
9.260890038415324454e+01
9.270687338186615989e+01
9.280495002737366406e+01
9.290313043032699625e+01
9.300141470049344150e+01
9.309980294775645859e+01
9.319829528211569425e+01
9.329689181368713946e+01
9.339559265270338528e+01
9.349439790951350915e+01
9.359330769458345856e+01
9.369232211849599423e+01
9.379144129195077539e+01
9.389066532576472923e+01
9.398999433087189459e+01
9.408942841832373460e+01
9.418896769928920776e+01
9.428861228505479630e+01
9.438836228702479048e+01
9.448821781672135955e+01
9.458817898578456607e+01
9.468824590597259316e+01
9.478841868916198621e+01
9.488869744734746803e+01
9.498908229264235104e+01
9.508957333727852301e+01
9.519017069360661765e+01
9.529087447409611400e+01
9.539168479133546441e+01
9.549260175803226502e+01
9.559362548701331264e+01
9.569475609122481785e+01
9.579599368373237667e+01
9.589733837772132574e+01
9.599879028649667134e+01
9.610034952348328829e+01
9.620201620222603367e+01
9.630379043638994574e+01
9.640567233976030082e+01
9.650766202624268431e+01
9.660975960986321809e+01
9.671196520476870262e+01
9.681427892522663115e+01
9.691670088562541707e+01
9.701923120047447924e+01
9.712186998440438401e+01
9.722461735216695899e+01
9.732747341863543511e+01
9.743043829880457452e+01
9.753351210779079850e+01
9.763669496083227273e+01
9.773998697328912044e+01
9.784338826064352190e+01
9.794689893849977125e+01
9.805051912258451807e+01
9.815424892874679585e+01
9.825808847295819248e+01
9.836203787131307763e+01
9.846609724002851749e+01
9.857026669544458741e+01
9.867454635402447138e+01
9.877893633235447624e+01
9.888343674714431586e+01
9.898804771522718227e+01
9.909276935355983085e+01
9.919760177922273670e+01
9.930254510942025092e+01
9.940759946148077120e+01
9.951276495285674173e+01
9.961804170112490908e+01
9.972342982398637901e+01
9.982892943926682960e+01
9.993454066491648291e+01
1.000402636190104602e+02
1.001460984197487392e+02
1.002520451854563106e+02
1.003581040345834481e+02
1.004642750857056228e+02
1.005705584575238447e+02
1.006769542688645771e+02
1.007834626386801631e+02
1.008900836860486550e+02
1.009968175301740700e+02
1.011036642903866891e+02
1.012106240861428432e+02
1.013176970370253684e+02
1.014248832627435348e+02
1.015321828831333448e+02
1.016395960181574765e+02
1.017471227879055391e+02
1.018547633125943008e+02
1.019625177125675322e+02
1.020703861082964607e+02
1.021783686203797004e+02
1.022864653695434356e+02
1.023946764766416351e+02
1.025030020626560372e+02
1.026114422486964202e+02
1.027199971560006873e+02
1.028286669059350089e+02
1.029374516199939080e+02
1.030463514198004873e+02
1.031553664271064861e+02
1.032644967637924509e+02
1.033737425518678776e+02
1.034831039134713677e+02
1.035925809708706566e+02
1.037021738464629266e+02
1.038118826627747637e+02
1.039217075424624142e+02
1.040316486083118974e+02
1.041417059832390919e+02
1.042518797902899763e+02
1.043621701526406298e+02
1.044725771935974734e+02
1.045831010365973839e+02
1.046937418052078357e+02
1.048044996231269863e+02
1.049153746141838894e+02
1.050263669023385802e+02
1.051374766116822457e+02
1.052487038664373813e+02
1.053600487909578334e+02
1.054715115097290550e+02
1.055830921473681911e+02
1.056947908286242068e+02
1.058066076783780289e+02
1.059185428216427454e+02
1.060305963835636476e+02
1.061427684894184580e+02
1.062550592646173868e+02
1.063674688347033879e+02
1.064799973253521870e+02
1.065926448623724525e+02
1.067054115717059801e+02
1.068182975794277922e+02
1.069313030117462375e+02
1.070444279950033035e+02
1.071576726556745029e+02
1.072710371203692432e+02
1.073845215158308406e+02
1.074981259689366766e+02
1.076118506066983969e+02
1.077256955562620107e+02
1.078396609449080188e+02
1.079537469000515415e+02
1.080679535492426027e+02
1.081822810201660303e+02
1.082967294406418546e+02
1.084112989386252650e+02
1.085259896422067953e+02
1.086408016796125366e+02
1.087557351792042084e+02
1.088707902694793717e+02
1.089859670790714432e+02
1.091012657367500083e+02
1.092166863714208063e+02
1.093322291121260434e+02
1.094478940880443076e+02
1.095636814284910230e+02
1.096795912629182510e+02
1.097956237209150743e+02
1.099117789322077101e+02
1.100280570266595532e+02
1.101444581342714173e+02
1.102609823851816202e+02
1.103776299096662115e+02
1.104944008381389438e+02
1.106112953011516993e+02
1.107283134293943760e+02
1.108454553536951153e+02
1.109627212050205145e+02
1.110801111144757130e+02
1.111976252133045193e+02
1.113152636328896534e+02
1.114330265047527178e+02
1.115509139605545670e+02
1.116689261320953221e+02
1.117870631513144701e+02
1.119053251502911053e+02
1.120237122612441283e+02
1.121422246165322036e+02
1.122608623486540864e+02
1.123796255902487502e+02
1.124985144740953444e+02
1.126175291331136492e+02
1.127366697003639615e+02
1.128559363090473795e+02
1.129753290925058877e+02
1.130948481842226130e+02
1.132144937178218242e+02
1.133342658270691743e+02
1.134541646458718276e+02
1.135741903082786166e+02
1.136943429484802124e+02
1.138146227008091813e+02
1.139350296997402978e+02
1.140555640798905017e+02
1.141762259760192109e+02
1.142970155230283922e+02
1.144179328559627180e+02
1.145389781100097508e+02
1.146601514205000569e+02
1.147814529229073344e+02
1.149028827528486971e+02
1.150244410460846325e+02
1.151461279385193137e+02
1.152679435662006568e+02
1.153898880653205055e+02
1.155119615722148154e+02
1.156341642233637685e+02
1.157564961553918721e+02
1.158789575050682856e+02
1.160015484093067073e+02
1.161242690051658428e+02
1.162471194298492776e+02
1.163700998207058177e+02
1.164932103152294900e+02
1.166164510510598831e+02
1.167398221659821331e+02
1.168633237979271513e+02
1.169869560849717800e+02
1.171107191653389066e+02
1.172346131773977191e+02
1.173586382596636923e+02
1.174827945507989000e+02
1.176070821896121146e+02
1.177315013150589493e+02
1.178560520662419862e+02
1.179807345824109888e+02
1.181055490029630732e+02
1.182304954674427648e+02
1.183555741155422680e+02
1.184807850871015376e+02
1.186061285221084773e+02
1.187316045606990969e+02
1.188572133431576390e+02
1.189829550099167932e+02
1.191088297015577524e+02
1.192348375588105114e+02
1.193609787225539094e+02
1.194872533338157723e+02
1.196136615337732110e+02
1.197402034637526640e+02
1.198668792652300255e+02
1.199936890798309577e+02
1.201206330493308485e+02
1.202477113156551525e+02
1.203749240208794475e+02
1.205022713072295772e+02
1.206297533170819207e+02
1.207573701929634211e+02
1.208851220775518129e+02
1.210130091136758210e+02
1.211410314443152174e+02
1.212691892126010202e+02
1.213974825618157496e+02
1.215259116353934274e+02
1.216544765769198762e+02
1.217831775301327752e+02
1.219120146389219030e+02
1.220409880473292219e+02
1.221700978995491198e+02
1.222993443399285241e+02
1.224287275129670292e+02
1.225582475633171669e+02
1.226879046357844487e+02
1.228176988753275651e+02
1.229476304270586269e+02
1.230776994362432220e+02
1.232079060483006145e+02
1.233382504088039013e+02
1.234687326634802105e+02
1.235993529582108437e+02
1.237301114390314325e+02
1.238610082521320379e+02
1.239920435438574629e+02
1.241232174607072807e+02
1.242545301493361052e+02
1.243859817565536048e+02
1.245175724293248578e+02
1.246493023147703525e+02
1.247811715601662712e+02
1.249131803129445615e+02
1.250453287206931776e+02
1.251776169311561659e+02
1.253100450922339348e+02
1.254426133519833115e+02
1.255753218586177553e+02
1.257081707605075280e+02
1.258411602061799073e+02
1.259742903443192432e+02
1.261075613237671718e+02
1.262409732935228419e+02
1.263745264027430295e+02
1.265082208007422366e+02
1.266420566369930327e+02
1.267760340611260403e+02
1.269101532229301625e+02
1.270444142723528671e+02
1.271788173595001581e+02
1.273133626346369027e+02
1.274480502481868740e+02
1.275828803507330491e+02
1.277178530930176805e+02
1.278529686259424665e+02
1.279882271005687926e+02
1.281236286681178171e+02
1.282591734799707126e+02
1.283948616876687936e+02
1.285306934429137016e+02
1.286666688975675186e+02
1.288027882036530229e+02
1.289390515133538315e+02
1.290754589790145133e+02
1.292120107531408451e+02
1.293487069883999823e+02
1.294855478376204871e+02
1.296225334537926983e+02
1.297596639900687592e+02
1.298969395997628169e+02
1.300343604363512497e+02
1.301719266534727808e+02
1.303096384049287053e+02
1.304474958446830044e+02
1.305854991268625156e+02
1.307236484057571886e+02
1.308619438358201421e+02
1.310003855716679197e+02
1.311389737680806604e+02
1.312777085800022121e+02
1.314165901625403592e+02
1.315556186709669646e+02
1.316947942607181403e+02
1.318341170873945316e+02
1.319735873067612602e+02
1.321132050747483504e+02
1.322529705474507011e+02
1.323928838811284550e+02
1.325329452322068846e+02
1.326731547572769614e+02
1.328135126130951846e+02
1.329540189565839228e+02
1.330946739448315270e+02
1.332354777350926440e+02
1.333764304847881306e+02
1.335175323515054799e+02
1.336587834929989071e+02
1.338001840671894342e+02
1.339417342321652598e+02
1.340834341461817019e+02
1.342252839676616532e+02
1.343672838551954953e+02
1.345094339675414119e+02
1.346517344636255302e+02
1.347941855025421205e+02
1.349367872435538231e+02
1.350795398460916488e+02
1.352224434697553477e+02
1.353654982743134951e+02
1.355087044197036903e+02
1.356520620660327552e+02
1.357955713735768484e+02
1.359392325027817492e+02
1.360830456142629146e+02
1.362270108688057348e+02
1.363711284273657327e+02
1.365153984510686485e+02
1.366598211012107811e+02
1.368043965392589598e+02
1.369491249268508852e+02
1.370940064257952713e+02
1.372390411980719591e+02
1.373842294058322295e+02
1.375295712113988600e+02
1.376750667772662950e+02
1.378207162661010159e+02
1.379665198407415119e+02
1.381124776641985363e+02
1.382585898996553055e+02
1.384048567104676977e+02
1.385512782601643949e+02
1.386978547124470538e+02
1.388445862311905614e+02
1.389914729804431204e+02
1.391385151244265046e+02
1.392857128275362584e+02
1.394330662543417816e+02
1.395805755695866139e+02
1.397282409381886055e+02
1.398760625252399734e+02
1.400240404960077285e+02
1.401721750159336182e+02
1.403204662506344675e+02
1.404689143659022932e+02
1.406175195277044452e+02
1.407662819021840050e+02
1.409152016556596720e+02
1.410642789546261895e+02
1.412135139657543732e+02
1.413629068558914241e+02
1.415124577920610136e+02
1.416621669414635107e+02
1.418120344714762098e+02
1.419620605496534722e+02
1.421122453437268405e+02
1.422625890216053790e+02
1.424130917513757595e+02
1.425637537013025451e+02
1.427145750398281621e+02
1.428655559355734113e+02
1.430166965573372977e+02
1.431679970740975989e+02
1.433194576550106945e+02
1.434710784694119639e+02
1.436228596868160139e+02
1.437748014769166787e+02
1.439269040095873322e+02
1.440791674548811443e+02
1.442315919830310804e+02
1.443841777644502429e+02
1.445369249697320413e+02
1.446898337696503631e+02
1.448429043351596874e+02
1.449961368373953974e+02
1.451495314476739793e+02
1.453030883374930795e+02
1.454568076785318169e+02
1.456106896426508683e+02
1.457647344018927811e+02
1.459189421284822004e+02
1.460733129948257840e+02
1.462278471735126857e+02
1.463825448373146685e+02
1.465374061591861903e+02
1.466924313122648016e+02
1.468476204698710887e+02
1.470029738055090718e+02
1.471584914928663466e+02
1.473141737058141700e+02
1.474700206184078013e+02
1.476260324048866437e+02
1.477822092396744438e+02
1.479385512973794050e+02
1.480950587527944720e+02
1.482517317808975861e+02
1.484085705568517142e+02
1.485655752560051894e+02
1.487227460538917683e+02
1.488800831262310282e+02
1.490375866489283112e+02
1.491952567980752065e+02
1.493530937499494087e+02
1.495110976810152863e+02
1.496692687679237679e+02
1.498276071875127116e+02
1.499861131168070472e+02
1.501447867330190036e+02
1.503036282135482509e+02
1.504626377359821277e+02
1.506218154780958969e+02
1.507811616178528880e+02
1.509406763334046389e+02
1.511003598030912372e+02
1.512602122054413769e+02
1.514202337191726997e+02
1.515804245231917662e+02
1.517407847965945678e+02
1.519013147186664980e+02
1.520620144688826372e+02
1.522228842269078939e+02
1.523839241725973181e+02
1.525451344859961296e+02
1.527065153473401153e+02
1.528680669370557439e+02
1.530297894357603070e+02
1.531916830242621472e+02
1.533537478835609704e+02
1.535159841948479311e+02
1.536783921395058599e+02
1.538409718991094621e+02
1.540037236554256310e+02
1.541666475904133904e+02
1.543297438862244064e+02
1.544930127252029877e+02
1.546564542898863408e+02
1.548200687630048265e+02
1.549838563274820160e+02
1.551478171664351748e+02
1.553119514631751485e+02
1.554762594012067325e+02
1.556407411642288992e+02
1.558053969361349402e+02
1.559702269010126940e+02
1.561352312431447444e+02
1.563004101470086198e+02
1.564657637972770488e+02
1.566312923788180456e+02
1.567969960766953648e+02
1.569628750761683307e+02
1.571289295626924627e+02
1.572951597219193047e+02
1.574615657396969368e+02
1.576281478020699751e+02
1.577949060952798845e+02
1.579618408057651209e+02
1.581289521201614150e+02
1.582962402253020286e+02
1.584637053082176976e+02
1.586313475561371149e+02
1.587991671564870444e+02
1.589671642968925767e+02
1.591353391651772426e+02
1.593036919493632411e+02
1.594722228376717510e+02
1.596409320185230740e+02
1.598098196805368332e+02
1.599788860125321150e+02
1.601481312035278677e+02
1.603175554427429859e+02
1.604871589195965385e+02
1.606569418237079390e+02
1.608269043448972866e+02
1.609970466731853662e+02
1.611673689987941600e+02
1.613378715121467906e+02
1.615085544038677483e+02
1.616794178647834030e+02
1.618504620859218903e+02
1.620216872585133103e+02
1.621930935739903532e+02
1.623646812239879011e+02
1.625364504003439095e+02
1.627084012950990086e+02
1.628805341004971297e+02
1.630528490089855609e+02
1.632253462132151753e+02
1.633980259060406581e+02
1.635708882805207054e+02
1.637439335299182801e+02
1.639171618477007826e+02
1.640905734275402779e+02
1.642641684633138084e+02
1.644379471491033087e+02
1.646119096791963443e+02
1.647860562480857425e+02
1.649603870504702741e+02
1.651349022812545684e+02
1.653096021355495111e+02
1.654844868086724148e+02
1.656595564961471609e+02
1.658348113937045127e+02
1.660102516972822855e+02
1.661858776030256024e+02
1.663616893072871221e+02
1.665376870066272090e+02
1.667138708978140471e+02
1.668902411778242367e+02
1.670667980438425104e+02
1.672435416932624150e+02
1.674204723236861128e+02
1.675975901329250348e+02
1.677748953189997678e+02
1.679523880801403379e+02
1.681300686147866088e+02
1.683079371215882531e+02
1.684859937994051791e+02
1.686642388473076721e+02
1.688426724645766228e+02
1.690212948507036401e+02
1.692001062053915348e+02
1.693791067285542624e+02
1.695582966203173498e+02
1.697376760810180087e+02
1.699172453112054484e+02
1.700970045116408755e+02
1.702769538832981482e+02
1.704570936273634914e+02
1.706374239452360655e+02
1.708179450385281939e+02
1.709986571090653626e+02
1.711795603588865333e+02
1.713606549902446261e+02
1.715419412056062356e+02
1.717234192076524266e+02
1.719050891992785068e+02
1.720869513835944815e+02
1.722690059639252240e+02
1.724512531438107885e+02
1.726336931270064383e+02
1.728163261174830154e+02
1.729991523194272531e+02
1.731821719372418045e+02
1.733653851755455264e+02
1.735487922391738209e+02
1.737323933331788908e+02
1.739161886628295406e+02
1.741001784336121148e+02
1.742843628512300995e+02
1.744687421216046914e+02
1.746533164508749394e+02
1.748380860453978869e+02
1.750230511117490551e+02
1.752082118567222722e+02
1.753935684873303558e+02
1.755791212108050274e+02
1.757648702345972254e+02
1.759508157663774170e+02
1.761369580140356561e+02
1.763232971856821507e+02
1.765098334896470078e+02
1.766965671344808868e+02
1.768834983289551133e+02
1.770706272820616505e+02
1.772579542030138953e+02
1.774454793012462517e+02
1.776332027864149268e+02
1.778211248683978170e+02
1.780092457572948490e+02
1.781975656634282643e+02
1.783860847973427326e+02
1.785748033698057782e+02
1.787637215918078084e+02
1.789528396745624832e+02
1.791421578295068855e+02
1.793316762683018339e+02
1.795213952028320250e+02
1.797113148452062319e+02
1.799014354077578446e+02
1.800917571030446425e+02
1.802822801438493912e+02
1.804730047431800131e+02
1.806639311142696727e+02
1.808550594705771744e+02
1.810463900257871614e+02
1.812379229938102014e+02
1.814296585887834112e+02
1.816215970250702583e+02
1.818137385172610436e+02
1.820060832801730442e+02
1.821986315288508820e+02
1.823913834785666381e+02
1.825843393448201084e+02
1.827774993433390307e+02
1.829708636900795966e+02
1.831644326012261388e+02
1.833582062931919836e+02
1.835521849826191669e+02
1.837463688863790594e+02
1.839407582215724517e+02
1.841353532055297251e+02
1.843301540558113345e+02
1.845251609902077234e+02
1.847203742267398638e+02
1.849157939836593130e+02
1.851114204794485545e+02
1.853072539328211974e+02
1.855032945627222318e+02
1.856995425883282280e+02
1.858959982290477910e+02
1.860926617045214186e+02
1.862895332346220982e+02
1.864866130394554489e+02
1.866839013393598634e+02
1.868813983549069064e+02
1.870791043069014279e+02
1.872770194163819326e+02
1.874751439046207224e+02
1.876734779931242088e+02
1.878720219036330832e+02
1.880707758581227438e+02
1.882697400788032951e+02
1.884689147881200313e+02
1.886683002087534931e+02
1.888678965636198086e+02
1.890677040758709779e+02
1.892677229688950717e+02
1.894679534663164304e+02
1.896683957919960335e+02
1.898690501700316418e+02
1.900699168247581952e+02
1.902709959807477560e+02
1.904722878628102194e+02
1.906737926959931428e+02
1.908755107055821441e+02
1.910774421171013557e+02
1.912795871563133403e+02
1.914819460492194878e+02
1.916845190220604422e+02
1.918873063013160731e+02
1.920903081137057598e+02
1.922935246861889027e+02
1.924969562459649524e+02
1.927006030204736646e+02
1.929044652373954989e+02
1.931085431246517317e+02
1.933128369104046840e+02
1.935173468230582330e+02
1.937220730912577551e+02
1.939270159438905523e+02
1.941321756100860796e+02
1.943375523192161722e+02
1.945431463008953301e+02
1.947489577849810303e+02
1.949549870015737554e+02
1.951612341810176758e+02
1.953676995539003656e+02
1.955743833510535126e+02
1.957812858035530041e+02
1.959884071427191259e+02
1.961957476001169027e+02
1.964033074075563547e+02
1.966110867970927529e+02
1.968190860010267613e+02
1.970273052519049486e+02
1.972357447825197880e+02
1.974444048259101123e+02
1.976532856153611988e+02
1.978623873844052241e+02
1.980717103668213497e+02
1.982812547966360626e+02
1.984910209081234882e+02
1.987010089358055325e+02
1.989112191144521944e+02
1.991216516790819639e+02
1.993323068649617653e+02
1.995431849076076105e+02
1.997542860427845710e+02
1.999656105065071472e+02
2.001771585350395526e+02
2.003889303648959128e+02
2.006009262328405498e+02
2.008131463758883228e+02
2.010255910313048275e+02
2.012382604366065948e+02
2.014511548295616024e+02
2.016642744481891043e+02
2.018776195307603984e+02
2.020911903157987126e+02
2.023049870420796879e+02
2.025190099486315773e+02
2.027332592747354454e+02
2.029477352599254800e+02
2.031624381439893909e+02
2.033773681669685232e+02
2.035925255691580844e+02
2.038079105911075430e+02
2.040235234736209122e+02
2.042393644577568637e+02
2.044554337848292107e+02
2.046717316964069084e+02
2.048882584343145368e+02
2.051050142406325563e+02
2.053219993576975071e+02
2.055392140281021796e+02
2.057566584946962678e+02
2.059743330005860571e+02
2.061922377891353619e+02
2.064103731039652132e+02
2.066287391889543699e+02
2.068473362882397737e+02
2.070661646462164924e+02
2.072852245075382314e+02
2.075045161171174186e+02
2.077240397201257451e+02
2.079437955619941079e+02
2.081637838884130929e+02
2.083840049453332881e+02
2.086044589789654253e+02
2.088251462357806361e+02
2.090460669625109631e+02
2.092672214061493037e+02
2.094886098139499495e+02
2.097102324334287573e+02
2.099320895123634330e+02
2.101541812987937874e+02
2.103765080410220207e+02
2.105990699876131202e+02
2.108218673873949740e+02
2.110449004894585983e+02
2.112681695431587627e+02
2.114916747981138201e+02
2.117154165042063312e+02
2.119393949115831219e+02
2.121636102706557097e+02
2.123880628321006157e+02
2.126127528468593084e+02
2.128376805661389994e+02
2.130628462414124726e+02
2.132882501244186528e+02
2.135138924671627763e+02
2.137397735219166179e+02
2.139658935412188612e+02
2.141922527778754386e+02
2.144188514849596174e+02
2.146456899158123974e+02
2.148727683240429371e+02
2.151000869635285540e+02
2.153276460884151504e+02
2.155554459531175837e+02
2.157834868123198646e+02
2.160117689209752427e+02
2.162402925343069455e+02
2.164690579078080361e+02
2.166980652972419819e+02
2.169273149586427394e+02
2.171568071483152096e+02
2.173865421228353512e+02
2.176165201390505786e+02
2.178467414540801315e+02
2.180772063253151600e+02
2.183079150104191513e+02
2.185388677673281279e+02
2.187700648542511317e+02
2.190015065296701380e+02
2.192331930523408801e+02
2.194651246812924796e+02
2.196973016758284132e+02
2.199297242955263130e+02
2.201623928002383650e+02
2.203953074500918774e+02
2.206284685054891384e+02
2.208618762271080413e+02
2.210955308759021705e+02
2.213294327131013404e+02
2.215635820002115111e+02
2.217979789990154416e+02
2.220326239715727468e+02
2.222675171802204090e+02
2.225026588875728066e+02
2.227380493565221968e+02
2.229736888502389718e+02
2.232095776321719427e+02
2.234457159660485956e+02
2.236821041158754326e+02
2.239187423459382558e+02
2.241556309208024231e+02
2.243927701053133035e+02
2.246301601645962762e+02
2.248678013640573567e+02
2.251056939693832817e+02
2.253438382465417931e+02
2.255822344617821500e+02
2.258208828816351570e+02
2.260597837729136472e+02
2.262989374027127383e+02
2.265383440384100311e+02
2.267780039476660647e+02
2.270179173984245153e+02
2.272580846589125656e+02
2.274985059976410753e+02
2.277391816834050644e+02
2.279801119852837701e+02
2.282212971726413571e+02
2.284627375151266904e+02
2.287044332826739890e+02
2.289463847455031100e+02
2.291885921741196910e+02
2.294310558393156043e+02
2.296737760121691849e+02
2.299167529640455427e+02
2.301599869665968470e+02
2.304034782917626671e+02
2.306472272117702857e+02
2.308912339991349825e+02
2.311354989266603184e+02
2.313800222674383917e+02
2.316248042948503780e+02
2.318698452825665015e+02
2.321151455045466321e+02
2.323607052350403421e+02
2.326065247485875318e+02
2.328526043200182869e+02
2.330989442244536747e+02
2.333455447373056586e+02
2.335924061342776099e+02
2.338395286913646771e+02
2.340869126848538428e+02
2.343345583913244639e+02
2.345824660876484700e+02
2.348306360509907336e+02
2.350790685588092686e+02
2.353277638888556567e+02
2.355767223191753601e+02
2.358259441281079489e+02
2.360754295942874705e+02
2.363251789966427623e+02
2.365751926143976789e+02
2.368254707270715187e+02
2.370760136144793648e+02
2.373268215567321420e+02
2.375778948342372985e+02
2.378292337276988064e+02
2.380808385181176163e+02
2.383327094867919982e+02
2.385848469153178826e+02
2.388372510855889175e+02
2.390899222797970936e+02
2.393428607804329999e+02
2.395960668702859095e+02
2.398495408324443474e+02
2.401032829502964319e+02
2.403572935075298744e+02
2.406115727881327189e+02
2.408661210763932559e+02
2.411209386569006483e+02
2.413760258145451303e+02
2.416313828345182912e+02
2.418870100023133602e+02
2.421429076037257744e+02
2.423990759248531504e+02
2.426555152520959098e+02
2.429122258721573644e+02
2.431692080720441709e+02
2.434264621390666434e+02
2.436839883608389243e+02
2.439417870252795808e+02
2.441998584206118039e+02
2.444582028353634655e+02
2.447168205583679423e+02
2.449757118787640309e+02
2.452348770859963736e+02
2.454943164698160558e+02
2.457540303202803784e+02
2.460140189277537104e+02
2.462742825829075741e+02
2.465348215767209297e+02
2.467956362004806863e+02
2.470567267457817309e+02
2.473180935045276669e+02
2.475797367689307293e+02
2.478416568315123527e+02
2.481038539851033704e+02
2.483663285228446398e+02
2.486290807381867864e+02
2.488921109248911705e+02
2.491554193770298014e+02
2.494190063889858209e+02
2.496828722554538160e+02
2.499470172714400462e+02
2.502114417322630402e+02
2.504761459335536244e+02
2.507411301712554064e+02
2.510063947416250301e+02
2.512719399412326595e+02
2.515377660669621491e+02
2.518038734160114132e+02
2.520702622858928237e+02
2.523369329744334664e+02
2.526038857797755668e+02
2.528711210003766041e+02
2.531386389350099932e+02
2.534064398827650848e+02
2.536745241430477620e+02
2.539428920155805827e+02
2.542115438004031489e+02
2.544804797978725617e+02
2.547497003086636482e+02
2.550192056337693316e+02
2.552889960745009716e+02
2.555590719324886493e+02
2.558294335096815928e+02
2.561000811083483768e+02
2.563710150310774907e+02
2.566422355807775375e+02
2.569137430606773478e+02
2.571855377743268605e+02
2.574576200255968956e+02
2.577299901186798934e+02
2.580026483580900845e+02
2.582755950486637175e+02
2.585488304955596846e+02
2.588223550042596912e+02
2.590961688805685981e+02
2.593702724306147047e+02
2.596446659608503751e+02
2.599193497780519237e+02
2.601943241893203549e+02
2.604695895020815897e+02
2.607451460240867505e+02
2.610209940634124450e+02
2.612971339284612782e+02
2.615735659279621927e+02
2.618502903709705834e+02
2.621273075668689216e+02
2.624046178253669268e+02
2.626822214565020204e+02
2.629601187706395535e+02
2.632383100784732619e+02
2.635167956910255498e+02
2.637955759196478880e+02
2.640746510760210981e+02
2.643540214721557504e+02
2.646336874203925049e+02
2.649136492334024524e+02
2.651939072241873987e+02
2.654744617060804899e+02
2.657553129927459850e+02
2.660364613981803927e+02
2.663179072367121307e+02
2.665996508230022641e+02
2.668816924720446764e+02
2.671640324991665807e+02
2.674466712200286338e+02
2.677296089506256180e+02
2.680128460072864414e+02
2.682963827066748195e+02
2.685802193657893326e+02
2.688643563019641078e+02
2.691487938328687051e+02
2.694335322765090268e+02
2.697185719512273181e+02
2.700039131757024506e+02
2.702895562689507187e+02
2.705755015503256118e+02
2.708617493395187239e+02
2.711482999565596401e+02
2.714351537218167323e+02
2.717223109559970453e+02
2.720097719801472067e+02
2.722975371156531992e+02
2.725856066842411565e+02
2.728739810079775907e+02
2.731626604092696766e+02
2.734516452108656495e+02
2.737409357358552597e+02
2.740305323076700006e+02
2.743204352500836194e+02
2.746106448872122883e+02
2.749011615435150588e+02
2.751919855437943738e+02
2.754831172131961239e+02
2.757745568772103297e+02
2.760663048616711990e+02
2.763583614927578083e+02
2.766507270969942169e+02
2.769434020012498650e+02
2.772363865327401413e+02
2.775296810190264978e+02
2.778232857880169604e+02
2.781172011679664138e+02
2.784114274874770558e+02
2.787059650754986819e+02
2.790008142613291966e+02
2.792959753746146703e+02
2.795914487453501351e+02
2.798872347038795851e+02
2.801833335808965444e+02
2.804797457074443514e+02
2.807764714149166707e+02
2.810735110350576633e+02
2.813708648999623847e+02
2.816685333420772963e+02
2.819665166942006636e+02
2.822648152894827263e+02
2.825634294614260398e+02
2.828623595438862708e+02
2.831616058710720267e+02
2.834611687775455380e+02
2.837610485982231125e+02
2.840612456683752498e+02
2.843617603236272089e+02
2.846625928999591224e+02
2.849637437337068491e+02
2.852652131615618600e+02
2.855670015205719210e+02
2.858691091481412627e+02
2.861715363820312064e+02
2.864742835603603339e+02
2.867773510216048294e+02
2.870807391045992176e+02
2.873844481485361371e+02
2.876884784929673629e+02
2.879928304778036932e+02
2.882975044433156881e+02
2.886025007301337268e+02
2.889078196792486892e+02
2.892134616320121268e+02
2.895194269301366603e+02
2.898257159156964917e+02
2.901323289311277449e+02
2.904392663192288069e+02
2.907465284231604983e+02
2.910541155864470397e+02
2.913620281529758245e+02
2.916702664669980436e+02
2.919788308731293114e+02
2.922877217163494947e+02
2.925969393420037363e+02
2.929064840958022842e+02
2.932163563238211736e+02
2.935265563725027391e+02
2.938370845886556140e+02
2.941479413194553558e+02
2.944591269124450150e+02
2.947706417155349072e+02
2.950824860770038640e+02
2.953946603454988917e+02
2.957071648700358537e+02
