2.662800000000000789e-07
2.658186178851189829e-07
2.653587112394098106e-07
2.649002147742635842e-07
2.644430632430492729e-07
2.639871914395498525e-07
2.635325341965461191e-07
2.630790263845315286e-07
2.626266029105795546e-07
2.621751987173577951e-07
2.617247487822806220e-07
2.612751881168268959e-07
2.608264517659896064e-07
2.603784748078902076e-07
2.599311923535444665e-07
2.594845395467836886e-07
2.590384515643236455e-07
2.585928636160124376e-07
2.581477109452170063e-07
2.577029288293842399e-07
2.572584525807640755e-07
2.568142175472916303e-07
2.563701591136448817e-07
2.559262127024650824e-07
2.554823137757473772e-07
2.550383979315252725e-07
2.545944632086009168e-07
2.541506776606210631e-07
2.537072379217807422e-07
2.532643405004565523e-07
2.528221817772515479e-07
2.523809580045745818e-07
2.519408653077435663e-07
2.515020996876605611e-07
2.510648570250442390e-07
2.506293330862578425e-07
2.501957235307287692e-07
2.497642238941210447e-07
2.493349426218326188e-07
2.489077070281612154e-07
2.484822878751014982e-07
2.480584560566654155e-07
2.476359825893940018e-07
2.472146386048780771e-07
2.467941953443066364e-07
2.463744241550897301e-07
2.459550964895435508e-07
2.455359839056802912e-07
2.451168580701186562e-07
2.446974918221611665e-07
2.442777707053420946e-07
2.438577910610868996e-07
2.434376723288753521e-07
2.430175338883823555e-07
2.425974950559389367e-07
2.421776750815389901e-07
2.417581931464285695e-07
2.413391683612682493e-07
2.409207197648643757e-07
2.405029663235005988e-07
2.400860269308548628e-07
2.396700125421619323e-07
2.392549470512801955e-07
2.388408002576480766e-07
2.384275411640273729e-07
2.380151387905993260e-07
2.376035621746963770e-07
2.371927803705528744e-07
2.367827624490975506e-07
2.363734774977870008e-07
2.359648946204632756e-07
2.355569829372617394e-07
2.351497117145583395e-07
2.347430585244791200e-07
2.343370140876011404e-07
2.339315702927584443e-07
2.335267190318884449e-07
2.331224522000378814e-07
2.327187616953868528e-07
2.323156394192620005e-07
2.319130772761672391e-07
2.315110671737972302e-07
2.311096010230722160e-07
2.307086707972360379e-07
2.303082826550396591e-07
2.299084752448811151e-07
2.295092917222848902e-07
2.291107752150397454e-07
2.287129688232314879e-07
2.283159156193820170e-07
2.279196586486610559e-07
2.275242409291878012e-07
2.271297054524208227e-07
2.267360951836378018e-07
2.263434526785776311e-07
2.259517757114960439e-07
2.255609760414162148e-07
2.251709557207051505e-07
2.247816168574878922e-07
2.243928616151116354e-07
2.240045922120439272e-07
2.236167109221774918e-07
2.232291200755693995e-07
2.228417220596009459e-07
2.224544193205679296e-07
2.220671202013723004e-07
2.216798520211969230e-07
2.212927530659109149e-07
2.209059657809417573e-07
2.205196325186378837e-07
2.201338955368168917e-07
2.197488969982326540e-07
2.193647789709639206e-07
2.189816834297497725e-07
2.185997522582557257e-07
2.182191272523113826e-07
2.178399034208559855e-07
2.174619857730066522e-07
2.170852310972070682e-07
2.167094962709218581e-07
2.163346382573800617e-07
2.159605141032155121e-07
2.155869809370261649e-07
2.152138959688512672e-07
2.148411164905920418e-07
2.144684998773666484e-07
2.140959136979355764e-07
2.137233531313952952e-07
2.133509006568246021e-07
2.129786404012449154e-07
2.126066564384949431e-07
2.122350327878554184e-07
2.118638534129948089e-07
2.114932022212524089e-07
2.111231630632445484e-07
2.107538197328190653e-07
2.103852542518423860e-07
2.100175051331521228e-07
2.096505650686220163e-07
2.092844245697600862e-07
2.089190741536425353e-07
2.085545043428332811e-07
2.081907056653067167e-07
2.078276686543652581e-07
2.074653838485738043e-07
2.071038417916828432e-07
2.067430327444075710e-07
2.063829399556345020e-07
2.060235394438598900e-07
2.056648069087131917e-07
2.053067180638758227e-07
2.049492486369691377e-07
2.045923743694858731e-07
2.042360710167331319e-07
2.038803143478181953e-07
2.035250801456398674e-07
2.031703422518645672e-07
2.028160516168095319e-07
2.024621443575734462e-07
2.021085563793759498e-07
2.017552236279811056e-07
2.014020820905567941e-07
2.010490677967368132e-07
2.006961168198892569e-07
2.003431652786009939e-07
1.999901493383817916e-07
1.996370538091128537e-07
1.992840548301707814e-07
1.989313754877236424e-07
1.985792387028708619e-07
1.982278672301829113e-07
1.978774836587425233e-07
1.975283104157444234e-07
1.971805697726264982e-07
1.968344838538153842e-07
1.964902623045981618e-07
1.961478488021090941e-07
1.958069309010121717e-07
1.954671859535080546e-07
1.951282915139562151e-07
1.947899253310164575e-07
1.944517653450269275e-07
1.941134896906744632e-07
1.937747767050222963e-07
1.934353054143239751e-07
1.930949227553784017e-07
1.927538900370743192e-07
1.924125312501723025e-07
1.920711701572338072e-07
1.917301302807695104e-07
1.913897348967580526e-07
1.910503070336067820e-07
1.907121694765956328e-07
1.903756447778717435e-07
1.900409625979066297e-07
1.897079520364146661e-07
1.893763342047776879e-07
1.890458304090807058e-07
1.887161621411843112e-07
1.883870510720824553e-07
1.880582190492925555e-07
1.877293880983222653e-07
1.874002804282566094e-07
1.870706849196116138e-07
1.867407225146430195e-07
1.864106174534370930e-07
1.860805938525926496e-07
1.857508756650558892e-07
1.854216866761220307e-07
1.850932505021393775e-07
1.847657905919084044e-07
1.844395302305162760e-07
1.841146221814224233e-07
1.837909515239386505e-07
1.834683398286605886e-07
1.831466087931729275e-07
1.828255802376331186e-07
1.825050761020441931e-07
1.821849184452346963e-07
1.818649294455483315e-07
1.815449322189792128e-07
1.812248485111969446e-07
1.809047913061705413e-07
1.805848954565496353e-07
1.802652957169983199e-07
1.799461267421010458e-07
1.796275230852800603e-07
1.793096191987173472e-07
1.789925494342968988e-07
1.786764358197679569e-07
1.783612284072598712e-07
1.780467504043732900e-07
1.777328221799463100e-07
1.774192642301225333e-07
1.771058971787441696e-07
1.767925417795583717e-07
1.764790189202486892e-07
1.761651497298137260e-07
1.758508569253218579e-07
1.755363551585611879e-07
1.752219110863531300e-07
1.749077911486969546e-07
1.745942615639768523e-07
1.742815883282171271e-07
1.739700372184147683e-07
1.736598737999935785e-07
1.733513331278527861e-07
1.730443635720423419e-07
1.727387558249378352e-07
1.724342991038845611e-07
1.721307827849574210e-07
1.718279963961784924e-07
1.715257296132324446e-07
1.712237722577097397e-07
1.709219186190190833e-07
1.706200815093028368e-07
1.703183037924331414e-07
1.700166349537816530e-07
1.697151244429536111e-07
1.694138216727927875e-07
1.691127760185117943e-07
1.688120368169740389e-07
1.685116530391849674e-07
1.682116526534307882e-07
1.679120303157649406e-07
1.676127777264546227e-07
1.673138865912011463e-07
1.670153486211913670e-07
1.667171555331633299e-07
1.664192990494696909e-07
1.661217713444506861e-07
1.658245981965433961e-07
1.655278617863806736e-07
1.652316496262486785e-07
1.649360491555416737e-07
1.646411477412492546e-07
1.643470326789216228e-07
1.640537911941140416e-07
1.637615075651475748e-07
1.634701487107763966e-07
1.631795260429565717e-07
1.628894404002971614e-07
1.625996927745110794e-07
1.623100843107553341e-07
1.620204163103900796e-07
1.617304902361995416e-07
1.614401243000386789e-07
1.611493968007217813e-07
1.608585922858107278e-07
1.605680007392279792e-07
1.602779118888947141e-07
1.599886152046724064e-07
1.597003999015588921e-07
1.594135549481858310e-07
1.591283027590767590e-07
1.588445032549494139e-07
1.585618933709011920e-07
1.582802101575140675e-07
1.579991908724893961e-07
1.577185729749885172e-07
1.574380941242536256e-07
1.571574942065324151e-07
1.568766599841029584e-07
1.565957214516657361e-07
1.563148313806528506e-07
1.560341424173874674e-07
1.557538070798777688e-07
1.554739777561029569e-07
1.551948067037874390e-07
1.549164185399343924e-07
1.546387434627708987e-07
1.543616280446394469e-07
1.540849186573899334e-07
1.538084617995370848e-07
1.535321040974334138e-07
1.532556923079735303e-07
1.529790780256006986e-07
1.527022703646763901e-07
1.524254692550097217e-07
1.521488859179275414e-07
1.518727313812166836e-07
1.515972164773523461e-07
1.513225518446599550e-07
1.510489477706192574e-07
1.507765206995692823e-07
1.505051361380734912e-07
1.502346181628489784e-07
1.499647910042234546e-07
1.496954790421845786e-07
1.494265068044556317e-07
1.491576989665930582e-07
1.488889131541913426e-07
1.486201670170926885e-07
1.483515268440127504e-07
1.480830588772415454e-07
1.478148292998196653e-07
1.475469042345133139e-07
1.472793497430725440e-07
1.470122222578251074e-07
1.467455132025439638e-07
1.464791870046299757e-07
1.462132080348253102e-07
1.459475406957235906e-07
1.456821494220224183e-07
1.454169986808707889e-07
1.451520706096517165e-07
1.448874730387985171e-07
1.446233682437455582e-07
1.443599185658863510e-07
1.440972861923790246e-07
1.438356331595942526e-07
1.435751213584476168e-07
1.433158624484910151e-07
1.430576801960079637e-07
1.428002959417747401e-07
1.425434311436134135e-07
1.422868074979888513e-07
1.420301469407195116e-07
1.417731716577307648e-07
1.415156964238456953e-07
1.412578655085866858e-07
1.409998964434960471e-07
1.407420065572749660e-07
1.404844129688307941e-07
1.402273325836438326e-07
1.399709809714439389e-07
1.397154684128932322e-07
1.394607157544168352e-07
1.392066240922019943e-07
1.389530946169771680e-07
1.387000286126477475e-07
1.384473274556143278e-07
1.381948979855354052e-07
1.379427266311369199e-07
1.376908605910202105e-07
1.374393485554339762e-07
1.371882391664856136e-07
1.369375810180114348e-07
1.366874226556332339e-07
1.364377971760279506e-07
1.361886772093236481e-07
1.359400205897782992e-07
1.356917851913451755e-07
1.354439289275736394e-07
1.351964097516319603e-07
1.349491857132046622e-07
1.347022163327408528e-07
1.344554626738485945e-07
1.342088859096083936e-07
1.339624472516661931e-07
1.337161079509541709e-07
1.334698292999566593e-07
1.332236033892381006e-07
1.329775323324752658e-07
1.327317427242787529e-07
1.324863610252762029e-07
1.322415135615089214e-07
1.319973265250465596e-07
1.317539163289385113e-07
1.315112902674497915e-07
1.312693867770654381e-07
1.310281432749230616e-07
1.307874972423392973e-07
1.305473862237371702e-07
1.303077472073393056e-07
1.300684888146119345e-07
1.298294800754468243e-07
1.295905872029471581e-07
1.293516765470735354e-07
1.291126145982239298e-07
1.288732682498298645e-07
1.286336212135945386e-07
1.283939577640284906e-07
1.281546095993492997e-07
1.279159080472146248e-07
1.276781840668217601e-07
1.274417682596546572e-07
1.272068835525586687e-07
1.269733192112486942e-07
1.267407553344918760e-07
1.265088723490602364e-07
1.262773509982840593e-07
1.260458723385685996e-07
1.258141638741633595e-07
1.255821922894317942e-07
1.253500014128387212e-07
1.251176350725561493e-07
1.248851370563107936e-07
1.246525511095407727e-07
1.244199369057978742e-07
1.241874418946969045e-07
1.239552433962375214e-07
1.237235185540253797e-07
1.234924443089671269e-07
1.232621974017677733e-07
1.230329037919273456e-07
1.228044488929084663e-07
1.225766469025734396e-07
1.223493122101805051e-07
1.221222594051306704e-07
1.218953032843434890e-07
1.216683208341607438e-07
1.214414016403251782e-07
1.212146806729521333e-07
1.209882927500220768e-07
1.207623725361143690e-07
1.205370541085465045e-07
1.203124041255651256e-07
1.200883497634292917e-07
1.198648009668707028e-07
1.196416677800280519e-07
1.194188603458045232e-07
1.191962904348782929e-07
1.189739113771616810e-07
1.187517218413565930e-07
1.185297227941809904e-07
1.183079152010036835e-07
1.180863000258379384e-07
1.178648858902178203e-07
1.176437450485639782e-07
1.174229812018367704e-07
1.172026981549388006e-07
1.169829995909564171e-07
1.167639889849595129e-07
1.165456971019838682e-07
1.163279506247389822e-07
1.161105408442709570e-07
1.158932592882219035e-07
1.156758977232113879e-07
1.154582587381645405e-07
1.152403515266414720e-07
1.150223729833717232e-07
1.148045266061440190e-07
1.145870156425605905e-07
1.143700430876018496e-07
1.141537611552657955e-07
1.139381252185005672e-07
1.137230428709742926e-07
1.135084218186448679e-07
1.132941698786126776e-07
1.130801990752335173e-07
1.128665012976056254e-07
1.126531409015052535e-07
1.124401847967371884e-07
1.122276998102700075e-07
1.120157526453082283e-07
1.118043792653405334e-07
1.115935306658125930e-07
1.113831433173192296e-07
1.111731537662855857e-07
1.109634986345561939e-07
1.107541189509085861e-07
1.105449924016365131e-07
1.103361150750167812e-07
1.101274832020584349e-07
1.099190930176741362e-07
1.097109373433010691e-07
1.095029094307351518e-07
1.092947898352496097e-07
1.090863533095394670e-07
1.088773749059796471e-07
1.086676311857281621e-07
1.084571620972666545e-07
1.082465993829327339e-07
1.080366547456948176e-07
1.078280388801531101e-07
1.076214615128335959e-07
1.074173984734398439e-07
1.072153732049505013e-07
1.070146667687530493e-07
1.068145610963360379e-07
1.066143389478694795e-07
1.064133730027529145e-07
1.062116278999651564e-07
1.060093091299488458e-07
1.058066226515665366e-07
1.056037741706421041e-07
1.054009652730985338e-07
1.051983613974023678e-07
1.049961082509897496e-07
1.047943511485536653e-07
1.045932352082798375e-07
1.043928889793041477e-07
1.041932527133376370e-07
1.039941464329151097e-07
1.037953884373963545e-07
1.035967972628617356e-07
1.033982044393197619e-07
1.031995916116150119e-07
1.030010379126630838e-07
1.028026240294907326e-07
1.026044305394308098e-07
1.024065372154980194e-07
1.022090165611098066e-07
1.020119367553280451e-07
1.018153658280333524e-07
1.016193717155486059e-07
1.014240020872360981e-07
1.012291472808416914e-07
1.010346239713468114e-07
1.008402486541073181e-07
1.006458380732124537e-07
1.004512560281494388e-07
1.002566132526549543e-07
1.000621013459984224e-07
9.986791168457706987e-08
9.967423533693485869e-08
9.948119024045220937e-08
9.928866775770366774e-08
9.909651555368048139e-08
9.890458150641216034e-08
9.871271519022230869e-08
9.852088491077428285e-08
9.832926204776591244e-08
9.813803767282263900e-08
9.794740258153483674e-08
9.775753608935719014e-08
9.756841785984504303e-08
9.737985608480697311e-08
9.719165363233477780e-08
9.700361364453240865e-08
9.681556769060245501e-08
9.662752054238391843e-08
9.643954260999572838e-08
9.625170432957636949e-08
9.606407581636348554e-08
9.587668254719474871e-08
9.568945154561624543e-08
9.550229677145031026e-08
9.531513231299187505e-08
9.512788089982798611e-08
9.494059978283322735e-08
9.475345331063818002e-08
9.456660856117966608e-08
9.438023235294475556e-08
9.419447486527323448e-08
9.400942197812593045e-08
9.382514378141323600e-08
9.364171026434927427e-08
9.345918532025023949e-08
9.327747389357047655e-08
9.309630968547218364e-08
9.291541826861871427e-08
9.273452560880888843e-08
9.255340491602982062e-08
9.237203401051626392e-08
9.219044641730687200e-08
9.200867562052814395e-08
9.182676036402814064e-08
9.164485413195919421e-08
9.146322108627232810e-08
9.128212950035123047e-08
9.110184714815996404e-08
9.092251202862296671e-08
9.074386735162143121e-08
9.056558175522916781e-08
9.038732438192355408e-08
9.020880199310547646e-08
9.003009885412057912e-08
8.985151878491126110e-08
8.967336785995673066e-08
8.949594741927395274e-08
8.931934390720707518e-08
8.914333270013183083e-08
8.896766512881726898e-08
8.879209291374918779e-08
8.861643374134758757e-08
8.844073357327936505e-08
8.826508781294488833e-08
8.808959171263043307e-08
8.791433456646937334e-08
8.773935820229117853e-08
8.756468130905288589e-08
8.739032238896313478e-08
8.721629467700853925e-08
8.704250481316038557e-08
8.686876020763984164e-08
8.669486478990571613e-08
8.652062677946496117e-08
8.634611244266025902e-08
8.617179937353600855e-08
8.599820117592319913e-08
8.582582997996940038e-08
8.565491283616087582e-08
8.548493760644050183e-08
8.531527448141484954e-08
8.514529466356024431e-08
8.497456647487307932e-08
8.480342517940911044e-08
8.463239260284441851e-08
8.446198967491171515e-08
8.429263636081472959e-08
8.412420595801010080e-08
8.395638671674442857e-08
8.378886725339615703e-08
8.362137023127321117e-08
8.345384867636098842e-08
8.328635210893739886e-08
8.311893029799772063e-08
8.295162081152433205e-08
8.278436469670437756e-08
8.261705701868493755e-08
8.244959274249224952e-08
8.228188853532593364e-08
8.211403824797212015e-08
8.194622256281676854e-08
8.177862243858157585e-08
8.161142512178258071e-08
8.144486839011050996e-08
8.127921317340719339e-08
8.111472007030839214e-08
8.095156889881342506e-08
8.078940800532592549e-08
8.062767073462360826e-08
8.046579076305511631e-08
8.030332383978181075e-08
8.014044744947317146e-08
7.997753724486410054e-08
7.981496829996121367e-08
7.965300660533982548e-08
7.949151607644774032e-08
7.933026789707055708e-08
7.916903390351479790e-08
7.900767425681473544e-08
7.884626675110360939e-08
7.868492205455544770e-08
7.852375095812625684e-08
7.836288384925709439e-08
7.820248172883115270e-08
7.804270797349363154e-08
7.788371270441178818e-08
7.772538397142823483e-08
7.756736694044583167e-08
7.740929819867661784e-08
7.725086446987350588e-08
7.709218376024801793e-08
7.693359563946991160e-08
7.677544087484727807e-08
7.661795177893601057e-08
7.646093535818320909e-08
7.630409433144666875e-08
7.614713446095745730e-08
7.598998245466103640e-08
7.583295533470200891e-08
7.567640948091219061e-08
7.552067423227448691e-08
7.536566968026795418e-08
7.521099411010382992e-08
7.505623783447976677e-08
7.490109874536686646e-08
7.474581588801151816e-08
7.459079846671707745e-08
7.443645150491766381e-08
7.428286424956915280e-08
7.412956261498477940e-08
7.397601501826549950e-08
7.382175411011259426e-08
7.366704921873756287e-08
7.351264426779866145e-08
7.335928949100515194e-08
7.320742954721615553e-08
7.305654862249883821e-08
7.290594307184476170e-08
7.275493438151386088e-08
7.260335527587024896e-08
7.245152883364486455e-08
7.229979731336907384e-08
7.214847182938242822e-08
7.199773265153794271e-08
7.184772488869258251e-08
7.169858498906440998e-08
7.155021753444379770e-08
7.140227178604187344e-08
7.125438450595003833e-08
7.110625150790677531e-08
7.095782210439381505e-08
7.080911422425140261e-08
7.066015102888733464e-08
7.051107330606484897e-08
7.036213744159490859e-08
7.021360417263872368e-08
7.006567289888982782e-08
6.991834190093262887e-08
6.977156810108444105e-08
6.962529471433612799e-08
6.947929061684453358e-08
6.933320557168733037e-08
6.918669048226430635e-08
6.903973330232084132e-08
6.889297698275093123e-08
6.874713860255037115e-08
6.860276204411312435e-08
6.845940056389976988e-08
6.831625457176661129e-08
6.817255806209960754e-08
6.802820889854774961e-08
6.788372423242720950e-08
6.773964246051236619e-08
6.759620373861017612e-08
6.745298778491554227e-08
6.730948636714756933e-08
6.716533555575838458e-08
6.702096293211555015e-08
6.687706654098485408e-08
6.673430114672332560e-08
6.659271470022934031e-08
6.645190034462134962e-08
6.631144315607419451e-08
6.617104286828707935e-08
6.603056873604599393e-08
6.588990407751669553e-08
6.574903387239708673e-08
6.560823981333306085e-08
6.546785694177659475e-08
6.532813715257471640e-08
6.518887095369655766e-08
6.504968919954034269e-08
6.491026137040533471e-08
6.477066663772615367e-08
6.463123315338042466e-08
6.449227509325202540e-08
6.435373816931894563e-08
6.421521033833507221e-08
6.407627341038184656e-08
6.393691800808316168e-08
6.379773646171810472e-08
6.365936641147102191e-08
6.352214108160441137e-08
6.338573971375972665e-08
6.324975733211785251e-08
6.311383788824468303e-08
6.297777073197489940e-08
6.284137280929548490e-08
6.270456913916894550e-08
6.256772450302918969e-08
6.243131501685352323e-08
6.229574239910012151e-08
6.216102690408327472e-08
6.202706559506748682e-08
6.189372682712646553e-08
6.176070029748614025e-08
6.162760797268416200e-08
6.149413357085450702e-08
6.136039479592335118e-08
6.122669651192576776e-08
6.109329032560840806e-08
6.096002219509499273e-08
6.082655243516513090e-08
6.069261121894507777e-08
6.055847474487052100e-08
6.042467430988162583e-08
6.029169160050237900e-08
6.015963691826645321e-08
6.002845343283285871e-08
5.989804804260168106e-08
5.976809142013024316e-08
5.963815867145959909e-08
5.950790502729993679e-08
5.937743911332735098e-08
5.924702939173559269e-08
5.911688784192592715e-08
5.898696500546033452e-08
5.885713563748609731e-08
5.872731304055762255e-08
5.859754771000750511e-08
5.846792052386183197e-08
5.833843035779465199e-08
5.820885808974845097e-08
5.807895207901408351e-08
5.794877713871931040e-08
5.781899642236960608e-08
5.769032510782860788e-08
5.756294971181734330e-08
5.743635934033489764e-08
5.731000717481969966e-08
5.718354591617577850e-08
5.705680403034760533e-08
5.692966365037871345e-08
5.680246349900647191e-08
5.667579703493729886e-08
5.655011165890420241e-08
5.642507276838496580e-08
5.630008910265578727e-08
5.617477902271842035e-08
5.604936894958562103e-08
5.592419122445258364e-08
5.579935635536671391e-08
5.567462583724416814e-08
5.554974937653124553e-08
5.542479697228777507e-08
5.530010987024720589e-08
5.517596723672738831e-08
5.505215485316284365e-08
5.492824712867068711e-08
5.480401549066075591e-08
5.467984810938170068e-08
5.455624585005102918e-08
5.443338369452323055e-08
5.431096943292555627e-08
5.418867844291523506e-08
5.406622272305874389e-08
5.394333851762850171e-08
5.381994258236016143e-08
5.369673530126733764e-08
5.357462145802168746e-08
5.345392723431982291e-08
5.333400224601694127e-08
5.321413237914017761e-08
5.309397505724247414e-08
5.297344376984833341e-08
5.285256040187867509e-08
5.273176230292121212e-08
5.261158271030618657e-08
5.249220354610706205e-08
5.237331742783784415e-08
5.225459674247943275e-08
5.213584435208286425e-08
5.201692912572874894e-08
5.189782923154375616e-08
5.177879734942418044e-08
5.166010883620869540e-08
5.154171219909280469e-08
5.142328525781098619e-08
5.130461693659092381e-08
5.118596867880297485e-08
5.106771425669948152e-08
5.095008925046346842e-08
5.083316911079353101e-08
5.071695425228044060e-08
5.060108615150228352e-08
5.048509179788784848e-08
5.036879445441055092e-08
5.025243576635228011e-08
5.013626019482643523e-08
5.002033416464813156e-08
4.990465289316175022e-08
4.978908973376570500e-08
4.967333758920995095e-08
4.955718727699942926e-08
4.944111830577772635e-08
4.932585964157081138e-08
4.921165991148083676e-08
4.909811171277690126e-08
4.898480590258331241e-08
4.887156311008876509e-08
4.875828026562519337e-08
4.864492111346596055e-08
4.853152206533065255e-08
4.841809609131654550e-08
4.830455632479012379e-08
4.819081562419853220e-08
4.807711864678102987e-08
4.796396082022759607e-08
4.785159402501943443e-08
4.773970132793929085e-08
4.762790964927884727e-08
4.751601564313229919e-08
4.740389994523849283e-08
4.729165029789285029e-08
4.717962307834797861e-08
4.706813811542743560e-08
4.695731414104825299e-08
4.684719513777770604e-08
4.673749519307717581e-08
4.662771620195061553e-08
4.651764283714523229e-08
4.640753605384831178e-08
4.629764726519395750e-08
4.618798800941863501e-08
4.607850034836751663e-08
4.596908595273431797e-08
4.585962165320286752e-08
4.575018446357766628e-08
4.564117008302596381e-08
4.553282512181854003e-08
4.542472742648075851e-08
4.531636386393185029e-08
4.520785364039871683e-08
4.509965546234289499e-08
4.499189301858659528e-08
4.488429363982417489e-08
4.477661233768167517e-08
4.466872578971519007e-08
4.456062543134066323e-08
4.445280854794827983e-08
4.434587249933171043e-08
4.423965143071857873e-08
4.413349051260004660e-08
4.402708594745912404e-08
4.392057183233331803e-08
4.381401566896672897e-08
4.370727469583878068e-08
4.360038070429291575e-08
4.349422996534420888e-08
4.338976675425444236e-08
4.328648132840040345e-08
4.318320829041802798e-08
4.307953909477396846e-08
4.297568395749634233e-08
4.287176661259000331e-08
4.276777197852258924e-08
4.266371239935531368e-08
4.255967912631539516e-08
4.245568674312228606e-08
4.235145481396595789e-08
4.224681845223779511e-08
4.214257484951285336e-08
4.203969614538460300e-08
4.193790552909303671e-08
4.183633603272095499e-08
4.173464009762646371e-08
4.163285040323580310e-08
4.153104000208155961e-08
4.142931094616682416e-08
4.132765183629978496e-08
4.122589915081260716e-08
4.112404390089012967e-08
4.102236814792041407e-08
4.092104671648079908e-08
4.081994132094575536e-08
4.071887898615347962e-08
4.061771217968912705e-08
4.051640195399590627e-08
4.041528608699200432e-08
4.031473391467309242e-08
4.021487870033038834e-08
4.011572174343473018e-08
4.001691557684033234e-08
3.991804844110002653e-08
3.981900433839115337e-08
3.971981761867144743e-08
3.962079397800681772e-08
3.952228216047107877e-08
3.942412360910261562e-08
3.932596701299313829e-08
3.922773150561589235e-08
3.912947968571639233e-08
3.903139864570056276e-08
3.893369529595883252e-08
3.883625818691864557e-08
3.873885360481278825e-08
3.864149472646842195e-08
3.854429513214497050e-08
3.844725269301533944e-08
3.835031271401889957e-08
3.825341746540050163e-08
3.815653302190046253e-08
3.805977613747512758e-08
3.796329423640118633e-08
3.786709911470167395e-08
3.777112910949945564e-08
3.767519412985940912e-08
3.757909484196803969e-08
3.748273217473731137e-08
3.738625479655044829e-08
3.729049630530487746e-08
3.719597471916948839e-08
3.710211946406849214e-08
3.700841754658002458e-08
3.691477806716222712e-08
3.682109224866302443e-08
3.672716513756679789e-08
3.663313503627354529e-08
3.653950304212719557e-08
3.644637256982977556e-08
3.635349571604140992e-08
3.626064405428181716e-08
3.616765172748979238e-08
3.607466522771894434e-08
3.598188937558282476e-08
3.588916303534571904e-08
3.579634598883148959e-08
3.570369087036405990e-08
3.561124626679368579e-08
3.551852411922504472e-08
3.542566361820466472e-08
3.533364449089279914e-08
3.524247427722062665e-08
3.515135907079742929e-08
3.506006593412810601e-08
3.496867230727933506e-08
3.487726837088698932e-08
3.478605739213294298e-08
3.469554953045714298e-08
3.460580226175795185e-08
3.451607074098336875e-08
3.442607714188219568e-08
3.433605173100744311e-08
3.424615589951814691e-08
3.415643057677890265e-08
3.406658449317244277e-08
3.397652569548257787e-08
3.388684998697891600e-08
3.379778174574961352e-08
3.370897228982372340e-08
3.362026144596618831e-08
3.353163209020585956e-08
3.344302821850708374e-08
3.335450913083899781e-08
3.326644470081075880e-08
3.317886822756454638e-08
3.309136260769633468e-08
3.300370593558461461e-08
3.291586293308775328e-08
3.282802650144967511e-08
3.274027774798046406e-08
3.265238209583503100e-08
3.256432959033716607e-08
3.247641235696595994e-08
3.238938643856403744e-08
3.230363642051674521e-08
3.221816822142473397e-08
3.213241128077974367e-08
3.204650509925501642e-08
3.196065790920700256e-08
3.187501317457236552e-08
3.178948295789940468e-08
3.170394038989752214e-08
3.161826928418519387e-08
3.153241327393535538e-08
3.144660444796608274e-08
3.136175150896878690e-08
3.127780500925191384e-08
3.119372277729290511e-08
3.110944641675236041e-08
3.102520153757360524e-08
3.094090876608336113e-08
3.085659619098431692e-08
3.077234437280104725e-08
3.068790687764927049e-08
3.060348390780046525e-08
3.051999172060269703e-08
3.043711922515028238e-08
3.035411072935593410e-08
3.027099243568820239e-08
3.018780503362438842e-08
3.010457279895973772e-08
3.002181658728603566e-08
2.993969309763682625e-08
2.985762048542342478e-08
2.977537285750167534e-08
2.969300119615578099e-08
2.961071806169861345e-08
2.952881918520981330e-08
2.944748427249043396e-08
2.936636946182642541e-08
2.928519911265610768e-08
2.920391817416835224e-08
2.912268600494991954e-08
2.904167250112029975e-08
2.896094106970172724e-08
2.888028817809108957e-08
2.879950414125300482e-08
2.871860142317215388e-08
2.863821164707805087e-08
2.855857831147467997e-08
2.847894164736019721e-08
2.839927054356734504e-08
2.831974400003519415e-08
2.824024118827599948e-08
2.816090129358709021e-08
2.808175785838945371e-08
2.800246998510927244e-08
2.792330885393054189e-08
2.784453196192429926e-08
2.776585696241869597e-08
2.768716099093999670e-08
2.760847119914362267e-08
2.752988068141899793e-08
2.745136286934222181e-08
2.737287172166825105e-08
2.729435988407100280e-08
2.721563981276222025e-08
2.713740989872850433e-08
2.706068429222950192e-08
2.698423098759200243e-08
2.690754572493607846e-08
2.683093407767410180e-08
2.675427983830989639e-08
2.667759321977014778e-08
2.660098415324121973e-08
2.652451339484675215e-08
2.644807953563235024e-08
2.637164924510721446e-08
2.629532687466054437e-08
2.621916431607782601e-08
2.614288269603130180e-08
2.606650864240055684e-08
2.599097472126492209e-08
2.591587625657649253e-08
2.584062946301054328e-08
2.576522441435551918e-08
2.568985067000900928e-08
2.561480727823405693e-08
2.554022379065965943e-08
2.546587658309289637e-08
2.539169318766015086e-08
2.531744413154170894e-08
2.524302520585985454e-08
2.516897554014054632e-08
2.509496710681833579e-08
2.502087485433126674e-08
2.494710072824832610e-08
2.487356586068709377e-08
2.480008228714962195e-08
2.472653053338957015e-08
2.465294615471796459e-08
2.457952038430722082e-08
2.450617878318394287e-08
2.443274023269290854e-08
2.435926995541741342e-08
2.428634528485719076e-08
2.421423541329976051e-08
2.414258705737463420e-08
2.407082320512109585e-08
2.399896190402125728e-08
2.392714577724266648e-08
2.385532224629486135e-08
2.378341571562656718e-08
2.371157378110465434e-08
2.363972905309068334e-08
2.356810924923023789e-08
2.349686968419523711e-08
2.342583838978843770e-08
2.335494755564456338e-08
2.328400553129355483e-08
2.321303351501966753e-08
2.314236281130845187e-08
2.307222996743050811e-08
2.300213443730220232e-08
2.293194756566112184e-08
2.286188710077096070e-08
2.279199503774950719e-08
2.272200072966962371e-08
2.265205943603846499e-08
2.258219024517383647e-08
2.251239778402456597e-08
2.244262458393516052e-08
2.237270349162710017e-08
2.230282434048929307e-08
2.223368539172366232e-08
2.216524297469643090e-08
2.209700630681201065e-08
2.202873004566059634e-08
2.196038885789710834e-08
2.189205880594285989e-08
2.182371203787954659e-08
2.175547567624489451e-08
2.168731135225174451e-08
2.161910744939900554e-08
2.155114888447462892e-08
2.148315068691756415e-08
2.141505398188528145e-08
2.134731898908480087e-08
2.128009331169539511e-08
2.121291946755942749e-08
2.114554411664157838e-08
2.107833902157368506e-08
2.101130159620481812e-08
2.094447745884348021e-08
2.087801153669858796e-08
2.081160775502898801e-08
2.074500525784340663e-08
2.067847525022875355e-08
2.061202550881469409e-08
2.054562090221969689e-08
2.047909533323300670e-08
2.041297343096788885e-08
2.034719041433549129e-08
2.028136537195280229e-08
2.021553244604334815e-08
2.014981153201335835e-08
2.008431281226279724e-08
2.001918547409286537e-08
1.995398795644382945e-08
1.988900782530202834e-08
1.982372592601610049e-08
1.975845301699674124e-08
1.969323770749886314e-08
1.962790188395982538e-08
1.956268760580263979e-08
1.949785698818671375e-08
1.943358056760532336e-08
1.936943813990211605e-08
1.930530870679581544e-08
1.924107931546295422e-08
1.917687927564352773e-08
1.911287316267791824e-08
1.904896092095998230e-08
1.898500452978985167e-08
1.892111392068620495e-08
1.885733533531029959e-08
1.879383627495795250e-08
1.873051843189072705e-08
1.866709276071450351e-08
1.860375308665003423e-08
1.854057611347819928e-08
1.847731872853361637e-08
1.841408988390776617e-08
1.835093447050175069e-08
1.828758420265159480e-08
1.822432583978358200e-08
1.816123996362273413e-08
1.809799345993620905e-08
1.803529419078774594e-08
1.797292382219505287e-08
1.791052425611991769e-08
1.784825640495962052e-08
1.778596177882866194e-08
1.772364418445626663e-08
1.766145861564254032e-08
1.759935185724956784e-08
1.753712332428541206e-08
1.747497302198637198e-08
1.741295984725630122e-08
1.735112770825203022e-08
1.728917702132617237e-08
1.722736696249225335e-08
1.716553488943922163e-08
1.710380935406054039e-08
1.704230637557012363e-08
1.698068513393699594e-08
1.691916039614477488e-08
1.685770044359273419e-08
1.679640942604898799e-08
1.673512316796290134e-08
1.667398389249347899e-08
1.661273560639033058e-08
1.655129787781461672e-08
1.648982555960684973e-08
1.642840108072106069e-08
1.636704672518007623e-08
1.630581891378819826e-08
1.624487998511786836e-08
1.618403297963050384e-08
1.612305074621826621e-08
1.606219695793663345e-08
1.600136065768909259e-08
1.594063117575135106e-08
1.588016837163665641e-08
1.581969348014516253e-08
1.575930933287054291e-08
1.569895271012357926e-08
1.563826683727965360e-08
1.557749014322606678e-08
1.551683250452334830e-08
1.545618480718423459e-08
1.539559722061383883e-08
1.533552798300120770e-08
1.527538712834024882e-08
1.521539379503080252e-08
1.515532263221541516e-08
1.509516671157092571e-08
1.503477017251716386e-08
1.497443126576800298e-08
1.491427531916451465e-08
1.485408694332935808e-08
1.479445424957899654e-08
1.473470842864741589e-08
1.467513098433815843e-08
1.461544805975186574e-08
1.455571294135103931e-08
1.449588473006290416e-08
1.443624446784945287e-08
1.437649273899016970e-08
1.431659699717652387e-08
1.425696059905056761e-08
1.419720314791269153e-08
1.413762375582291206e-08
1.407813639333998759e-08
1.401857682576049250e-08
1.395960085536649958e-08
1.390068458953850807e-08
1.384169683534164415e-08
1.378288617691458540e-08
1.372417723280613488e-08
1.366535854730633390e-08
1.360640683064111595e-08
1.354764756159500351e-08
1.348893119349405454e-08
1.343036687049732594e-08
1.337172719819361253e-08
1.331337211693235008e-08
1.325492369128653145e-08
1.319670222508539029e-08
1.313832434686800626e-08
1.308001881448417211e-08
1.302165628424301371e-08
1.296362762982855630e-08
1.290566873469839052e-08
1.284783965311747132e-08
1.279004693982260793e-08
1.273230022984405532e-08
1.267472930631238970e-08
1.261718537593450121e-08
1.255958287434721248e-08
1.250222097224846700e-08
1.244484359725753864e-08
1.238801979291048264e-08
1.233123944012702609e-08
1.227435161970953107e-08
1.221777682814401031e-08
1.216117054641471743e-08
1.210480173063475097e-08
1.204834615918023085e-08
1.199200201622334918e-08
1.193598006694562326e-08
1.187982713149252184e-08
1.182387733407777110e-08
1.176800130871482121e-08
1.171222688265730030e-08
1.165657483807606977e-08
1.160145990164118935e-08
1.154650284994152853e-08
1.149163095041643606e-08
1.143689351658109270e-08
1.138206879522401238e-08
1.132723796661890061e-08
1.127241542154155003e-08
1.121773337897855070e-08
1.116334667649263552e-08
1.110966468726378981e-08
1.105594639104864282e-08
1.100242441444406025e-08
1.094893747572206628e-08
1.089558809416209985e-08
1.084228263502837205e-08
1.078918213520096711e-08
1.073616176730021493e-08
1.068322936766500274e-08
1.063038527680061821e-08
1.057793688786982006e-08
1.052563477854716889e-08
1.047347397629159687e-08
1.042141096827353869e-08
1.036940158319753386e-08
1.031797588223008661e-08
1.026695011897620570e-08
1.021591813944178378e-08
1.016506003567487836e-08
1.011421252544018658e-08
1.006368791885800877e-08
1.001328244380747606e-08
9.962915693047202055e-09
9.912691266404433329e-09
9.862613654084570353e-09
9.813204926549502335e-09
9.764190447253772883e-09
9.715291422623478977e-09
9.666383665749377618e-09
9.617611397787307448e-09
9.568923356450092108e-09
9.520282779540140215e-09
9.471660737270357676e-09
9.423483242641429823e-09
9.376160132325123611e-09
9.329019482083873382e-09
9.281905251741271840e-09
9.234879965959664352e-09
9.188106049260866983e-09
9.141437699939775784e-09
9.094887953389029673e-09
9.048576123227618092e-09
9.002335295775014039e-09
8.956241174156715466e-09
8.910193518869843172e-09
8.865241241454405642e-09
8.820438927674040272e-09
8.775848855009907983e-09
8.731212191109444952e-09
8.686742578816464650e-09
8.642813445879422238e-09
8.599054271487546392e-09
8.555320441918033399e-09
8.511763492530939013e-09
8.468724803367319483e-09
8.426113412899526193e-09
8.383472685258304589e-09
8.340963542229760635e-09
8.298647245558812316e-09
8.256442349653322817e-09
8.214288520507351846e-09
8.172353887600983460e-09
8.131612430946688022e-09
8.091023579182943114e-09
8.050518212990303117e-09
8.010086557110577444e-09
7.969858696098677935e-09
7.930235440123597804e-09
7.890692424982388623e-09
7.851281566900586884e-09
7.811866252618706866e-09
7.773242118339554308e-09
7.734691854066932397e-09
7.696292894800556700e-09
7.657936672731236211e-09
7.619756653629245763e-09
7.582746130887467632e-09
7.545997207607978107e-09
7.509285132673640314e-09
7.472610922213169571e-09
7.436115916293268621e-09
7.400546267444138651e-09
7.364983962010085902e-09
7.329464264176403886e-09
7.294277786100836071e-09
7.259287436220012730e-09
7.224350326315463961e-09
7.189603335659915321e-09
7.155770114308219535e-09
7.121875857643113435e-09
7.088122703535820499e-09
7.054400213156721255e-09
7.021263782763169223e-09
6.989278618997351773e-09
6.957331495088625521e-09
6.925438962658809065e-09
6.893604189715934710e-09
6.861917099922857679e-09
6.830282558620430182e-09
6.798697226890735580e-09
6.767333638620396866e-09
6.737444053656975724e-09
6.707699878550558080e-09
6.677998972539873435e-09
6.648329578382891397e-09
6.619035526676651826e-09
6.589806129094089517e-09
6.560735649864831336e-09
6.532153076838107587e-09
6.503593682968999922e-09
6.475267963113854545e-09
6.447217304507438226e-09
6.419189716173443494e-09
6.391232950888404151e-09
6.364187984432274245e-09
6.337141750819999482e-09
6.310134823100122772e-09
6.283145550511177755e-09
6.257039623380578077e-09
6.231029880500639921e-09
6.204993587309636996e-09
6.179114401898914209e-09
6.153305845168632060e-09
6.127611390707594167e-09
6.101975249685234813e-09
6.076376759113766241e-09
6.051593725603444940e-09
6.026894320041473875e-09
6.002229423101357953e-09
5.977722963309539564e-09
5.953324377426975237e-09
5.928953485719212034e-09
5.904949100923799533e-09
5.881025725548719555e-09
5.857208394759799433e-09
5.833472306094823119e-09
5.809779354348315982e-09
5.786108411182702156e-09
5.762443971989749370e-09
5.739384871313575290e-09
5.716500262069162708e-09
5.693648303956443701e-09
5.670875685290397754e-09
5.648196014698824085e-09
5.625545946886028362e-09
5.603245089906461080e-09
5.580999167211299412e-09
5.558751071345578911e-09
5.536543866023039758e-09
5.514390333665998757e-09
5.492511751308774914e-09
5.470629013686678326e-09
5.448922222679124062e-09
5.427279367749295924e-09
5.405793927373060216e-09
5.384345711804215374e-09
5.362960955861961563e-09
5.341645969999444230e-09
5.320616688092334271e-09
5.299596201022604316e-09
5.278758926321861240e-09
5.258140676079494283e-09
5.237514591658355283e-09
5.216866041050866108e-09
5.196249071430646417e-09
5.175744030709749212e-09
5.155466472837102089e-09
5.135212667064369709e-09
5.115152017468312782e-09
5.095115723569444444e-09
5.075221359570551023e-09
5.055536866572857559e-09
5.035816980568198093e-09
5.016057195053158928e-09
4.996260905899047792e-09
4.976652352349956116e-09
4.957193221669743676e-09
4.937649589274900339e-09
4.918096135361808028e-09
4.898475545251574297e-09
4.878794782358356919e-09
4.858898184722503159e-09
4.838968758504312021e-09
4.818803197834345341e-09
4.798657243632894285e-09
4.778131413135851004e-09
4.757423790603282286e-09
4.736254225234878514e-09
4.714635348319287212e-09
4.692580566483177310e-09
4.669973221609280737e-09
4.646896007294212766e-09
4.623140342765084966e-09
4.598820704336813925e-09
4.573832746444595501e-09
4.548254998495379793e-09
4.522035772107070769e-09
4.495116931067971500e-09
4.467486920176676449e-09
4.439165448004678114e-09
4.410293526607829797e-09
4.380483538664076640e-09
4.350530932386905010e-09
4.319563864838909547e-09
4.288499193797911830e-09
4.256742858534495945e-09
4.224633490539686293e-09
4.192199567542778933e-09
4.159483873373209725e-09
4.126508325683163024e-09
4.093169427171333044e-09
4.059965577781974485e-09
4.026682158166763141e-09
3.993421109346739727e-09
3.960099397329773115e-09
3.926769254377742803e-09
3.893769760643653277e-09
3.861362249812147578e-09
3.829094974635209206e-09
3.797088295994171131e-09
3.765555763283920375e-09
3.734546256160555966e-09
3.704259326683199614e-09
3.674768877137035352e-09
3.646067971954442352e-09
3.618387037981079186e-09
3.592132240305487864e-09
3.567161439314259950e-09
3.543595525501503750e-09
3.521480793095857577e-09
3.501082673114397639e-09
3.482762908880630671e-09
3.465608707088793080e-09
3.449480105859254867e-09
3.433855009352863800e-09
3.418375695755724502e-09
3.402263818020378798e-09
3.385159108174004059e-09
3.366883191905956276e-09
3.347256407521310087e-09
3.325192807524322540e-09
3.301764221102635646e-09
3.276632073011403550e-09
3.250085440692388064e-09
3.221828033034185694e-09
3.192584334447949304e-09
3.162024124059970318e-09
3.130524762885469194e-09
3.098227079866783991e-09
3.065278690495675308e-09
3.031752541404431646e-09
2.997857045493263304e-09
2.963284352403646931e-09
2.928609219643704898e-09
2.893735449393406717e-09
2.858858464839190171e-09
2.823876178019715877e-09
2.788931556259348779e-09
2.754124399080497092e-09
2.719421384195881566e-09
2.684871319925140714e-09
2.650989044513986256e-09
2.617073904439109780e-09
2.584136002065202498e-09
2.551454723624308655e-09
2.519398862307808364e-09
2.487572937593805413e-09
2.457294159055702424e-09
2.427813707930855569e-09
2.399480869666023779e-09
2.371836129973856830e-09
2.345703693985450876e-09
2.321795606265394587e-09
2.300689345263726811e-09
2.280289819746843251e-09
2.263897396052356221e-09
2.251624256338098394e-09
2.244078517885112993e-09
2.246115415819108199e-09
2.259829793324242568e-09
2.297887164755392662e-09
2.399856071253228767e-09
2.783248901252758772e-09
2.882616578381140317e-09
2.777799657699309414e-09
2.629342024070861689e-09
2.485555415175432800e-09
2.343068697637818934e-09
1.817787931973809762e-09
1.410452292752609431e-09
1.240587579086374596e-09
1.116532321476112349e-09
1.019061722918537845e-09
9.387146252530713422e-10
8.707697797376761451e-10
8.121911692079119099e-10
7.608236016654056113e-10
7.153665636708722153e-10
6.746937398261673602e-10
6.379973517589642646e-10
6.047143544370766437e-10
5.743245655657653849e-10
5.464796791017231934e-10
5.208346946867065600e-10
4.971235883153793733e-10
4.751458682179305306e-10
4.547041911705926501e-10
4.356165838131773130e-10
4.178062078427894241e-10
4.011137883977992353e-10
3.854349839824525672e-10
3.706890645515060951e-10
3.567821289802267797e-10
3.436690737520757556e-10
3.312641787325193265e-10
3.195304367921690560e-10
3.084113549887085304e-10
2.978482537271927816e-10
2.878190886863616804e-10
2.782825577675501868e-10
2.691967296230382054e-10
2.605359707254889920e-10
2.522801051837089391e-10
2.443901030929958161e-10
2.368542963997503984e-10
2.296489988767832281e-10
2.227462805816293637e-10
2.161371486841206540e-10
2.098117514009699404e-10
2.037327078659099028e-10
1.979050059531466200e-10
1.923047733004842207e-10
1.869293666610603633e-10
1.817534356204170391e-10
1.767819366185251710e-10
1.719907432882566636e-10
1.673833439637016985e-10
1.629447299674884012e-10
1.586605546294256077e-10
1.545338623345613946e-10
1.505461906974531508e-10
1.467050938118144218e-10
1.429926554550310499e-10
1.394049873045798129e-10
1.359420630280590324e-10
1.325889250554206593e-10
1.293507986586201317e-10
1.262206352090586194e-10
1.231881087370233379e-10
1.202504242367409888e-10
1.174097227267229581e-10
1.146563164107930925e-10
1.119870748386330542e-10
1.094022103778648807e-10
1.068933187034369080e-10
1.044621384840530537e-10
1.021047140087833355e-10
9.981466133890654498e-11
9.759448810861531732e-11
9.543785758583683225e-11
9.334097462766290816e-11
9.130761460485391397e-11
8.933036753125963248e-11
8.740999709060004885e-11
8.554302538349146965e-11
8.372770781768480446e-11
8.196080763994326722e-11
8.024333065400023970e-11
7.857359670221395382e-11
7.694699018511314407e-11
7.536589897427709827e-11
7.382569369024631026e-11
7.232481005191205858e-11
7.086479558184366081e-11
6.944155193007118402e-11
6.805564849389671314e-11
6.670520445384981236e-11
6.538854568789809282e-11
6.410641842866312581e-11
6.285401841808671877e-11
6.163493420453778015e-11
6.044561339235676360e-11
5.928464697178135552e-11
5.815287951957484046e-11
5.704884430848197578e-11
5.597034136331027306e-11
5.491844783065460755e-11
5.389169762831438439e-11
5.288908781752992931e-11
5.191065492839451736e-11
5.095477228347071589e-11
5.002137118963698640e-11
4.910934361852828481e-11
4.821856349451033556e-11
4.734805930950681030e-11
4.649692866652987037e-11
4.566498275205939814e-11
4.485210594764223930e-11
4.405721436665699125e-11
4.328098045726472694e-11
4.252134225808003909e-11
4.177778112453811128e-11
4.105090449413482909e-11
4.034040398304766393e-11
3.964444885590332238e-11
3.896432287712235376e-11
3.829843941196731648e-11
3.764717793415258460e-11
3.700947826301942635e-11
3.638480211777201850e-11
3.577422898234766337e-11
3.517527542457456797e-11
3.458989615855351289e-11
3.401643501905320022e-11
3.345407845558844381e-11
3.290391363303709097e-11
3.236471268312868375e-11
3.183702440027621178e-11
3.131968175643828950e-11
3.081253020528985383e-11
3.031544874809059222e-11
2.982888389102642225e-11
2.935157420480987261e-11
2.888427511981993631e-11
2.842582810427422435e-11
2.797584124594497160e-11
2.753562767790215969e-11
2.710347129841526994e-11
2.667977997614050922e-11
2.626375725394436308e-11
2.585636828845400848e-11
2.545691429915559812e-11
2.506461386995191744e-11
2.467998508154847318e-11
2.430270254441182677e-11
2.393244111520059929e-11
2.356905554568210912e-11
2.321230922987302522e-11
2.286250943996568704e-11
2.251903270468404347e-11
2.218217280202439387e-11
2.185116785895924941e-11
2.152615765765020806e-11
2.120718205193733503e-11
2.089412934818746550e-11
2.058672736937894460e-11
2.028467017124431117e-11
1.998837279137253648e-11
1.969719924879279219e-11
1.941116409342375964e-11
1.913024197044199351e-11
1.885415540812835439e-11
1.858333797718405479e-11
1.831679534379474409e-11
1.805525915617699249e-11
1.779818387807534626e-11
1.754580879871170583e-11
1.729733537138467954e-11
1.705356459322084585e-11
1.681364534861344869e-11
1.657813250686391281e-11
1.634646470037151243e-11
1.611896981407452156e-11
1.589498873666014428e-11
1.567502346399817632e-11
1.545870632398015373e-11
1.524610482664527374e-11
1.503685637958863191e-11
1.483128877555594656e-11
1.462903799939585048e-11
1.443035042197605068e-11
1.423462964044390156e-11
1.404230166291232955e-11
1.385304218835977969e-11
1.366684425160055933e-11
1.348389323723434624e-11
1.330381295627094278e-11
1.312676634719519223e-11
1.295227480900981364e-11
1.278087010257968058e-11
1.261195209115567967e-11
1.244599823456448653e-11
1.228263156112941043e-11
1.212177523183071749e-11
1.196342368358397596e-11
1.180776308359458864e-11
1.165441053204060000e-11
1.150352227625371414e-11
1.135499031698329433e-11
1.120884322433530017e-11
1.106477860117121912e-11
1.092301299537080370e-11
1.078364693168061258e-11
1.064610180325256330e-11
1.051105853702095439e-11
1.037769882889309266e-11
1.024669483922221972e-11
1.011741378995149673e-11
9.990321742253848560e-12
9.865046325445564143e-12
9.741719703331427148e-12
9.620207113776893236e-12
9.500581084813617179e-12
9.382662589645768110e-12
9.266496577096723713e-12
9.152106167847791395e-12
9.039463117680325332e-12
8.928463227233567740e-12
8.819021898359320379e-12
8.711278982656423159e-12
8.605067857378416508e-12
8.500408770633942641e-12
8.397353305795993408e-12
8.295764736639546060e-12
8.195597003911985332e-12
8.096946258739781540e-12
7.999766660813363022e-12
7.903888509917724799e-12
7.809492778737490051e-12
7.716359326055722845e-12
7.624547359610919393e-12
7.534161646157614002e-12
7.445000501855815417e-12
7.357068177551077545e-12
7.270371062648884489e-12
7.184977519857575380e-12
7.100724717796899069e-12
7.017711531420072725e-12
6.935755618396702617e-12
6.855017360425726776e-12
6.775449548990635196e-12
6.696916394023079302e-12
6.619502099026627146e-12
6.543152231913768335e-12
6.467888111827981931e-12
6.393610616894946916e-12
6.320400294355130254e-12
6.248135313361901389e-12
6.176946152198002709e-12
6.106680303101185094e-12
6.037324850158063734e-12
5.968945340614600428e-12
5.901502115642144364e-12
5.834979006071807883e-12
5.769340038869037787e-12
5.704610136128567202e-12
5.640652258074264539e-12
5.577661205389292293e-12
5.515451765898734986e-12
5.454089629245509364e-12
5.393541446775761535e-12
5.333765866892154403e-12
5.274824133373947879e-12
5.216634731650133134e-12
5.159242029589459051e-12
5.102589956901618137e-12
5.046685729360753344e-12
4.991458801027292013e-12
4.936997281169201571e-12
4.883275158308952307e-12
4.830164763303776018e-12
4.777833029548677274e-12
4.726136586700150218e-12
4.675061118366790116e-12
4.624694024912282967e-12
4.574950968626663213e-12
4.525888526806332409e-12
4.477422895773477623e-12
4.429611925818647127e-12
4.382332492812194071e-12
4.335713752983567419e-12
4.289667868675092110e-12
4.244223132819215193e-12
4.199323377365878171e-12
4.154990001124995369e-12
4.111238934759380945e-12
4.068008801391683988e-12
4.025312385005699169e-12
3.983159077199238216e-12
3.941537677291924875e-12
3.900434422682511646e-12
3.859842821111691981e-12
3.819759705297775675e-12
3.780163552538427821e-12
3.741051595852230665e-12
3.702425377790095719e-12
3.664253409422557949e-12
3.626552919946059949e-12
3.589344507920206608e-12
3.552574687873115766e-12
3.516239341272013054e-12
3.480365650532139218e-12
3.444924919519966653e-12
3.409892673558927834e-12
3.375279815129504199e-12
3.341105459198978542e-12
3.307351285242667703e-12
3.273972277296679627e-12
3.241008055985697244e-12
3.208419264863111377e-12
3.176219835983916754e-12
3.144433667428185232e-12
3.113026104450411313e-12
3.081960235826279661e-12
3.051254115410509201e-12
3.020928820326212506e-12
2.990965501606582209e-12
2.961353120730006320e-12
2.932081428059230336e-12
2.903162940045689937e-12
2.874602734062429886e-12
2.846360033158038918e-12
2.818408285141779285e-12
2.790814664665097761e-12
2.763555671915533885e-12
2.736589413074322060e-12
2.709928614594997219e-12
2.683591417837108945e-12
2.657542025043873653e-12
2.631792133093984157e-12
2.606347023300187458e-12
2.581198874068776893e-12
2.556336996512311163e-12
2.531733733374708410e-12
2.507432182518278912e-12
2.483411648547780997e-12
2.459645908291676213e-12
2.436172164645629511e-12
2.412960137102941924e-12
2.389999558465654223e-12
2.367296987337491420e-12
2.344849733145401268e-12
2.322640483283980138e-12
2.300684173327826759e-12
2.278986872260379002e-12
2.257539072792648303e-12
2.236327207462493526e-12
2.215328709038617971e-12
2.194570056966121760e-12
2.174064811321189351e-12
2.153765607339302464e-12
2.133689660682953771e-12
2.113839264246535506e-12
2.094203761673355211e-12
2.074789591527956045e-12
2.055582807769789901e-12
2.036580584955373249e-12
2.017791658545916909e-12
1.999212291477557377e-12
1.980837204289388958e-12
1.962657586171187519e-12
1.944666035625588302e-12
1.926879163179661640e-12
1.909287278533941636e-12
1.891870298003550586e-12
1.874643349520398108e-12
1.857608801586875234e-12
1.840759086672789300e-12
1.824087488656235240e-12
1.807597351866485975e-12
1.791286229880453639e-12
1.775142544915148821e-12
1.759161351181574312e-12
1.743352198120218422e-12
1.727725154807853194e-12
1.712256538446672302e-12
1.696942978293924821e-12
1.681796147519897612e-12
1.666810154929666193e-12
1.651978381714518126e-12
1.637299577522931623e-12
1.622781427936951912e-12
1.608420571137914980e-12
1.594206256390292325e-12
1.580133736283847186e-12
1.566206475198332135e-12
1.552430094449782008e-12
1.538797684658455210e-12
1.525301605464510514e-12
1.511939171279007831e-12
1.498720802457349185e-12
1.485644112554814721e-12
1.472689975049362694e-12
1.459871084831559914e-12
1.447197115365096645e-12
1.434647654872443994e-12
1.422219867940940921e-12
1.409920760993250074e-12
1.397746173822190117e-12
1.385693906819866614e-12
1.373765611181529037e-12
1.361959175111218546e-12
1.350271851767343392e-12
1.338702549407495332e-12
1.327250331104099773e-12
1.315914321946701539e-12
1.304693998851282261e-12
1.293586061977262337e-12
1.282583732521982554e-12
1.271691877845535920e-12
1.260917530863826441e-12
1.250246471344117999e-12
1.239672616103924148e-12
1.229209572306553641e-12
1.218855320981657403e-12
1.208598742454218139e-12
1.198442049984175387e-12
1.188388432626005913e-12
1.178435159299853699e-12
1.168580710066587373e-12
1.158824994198217346e-12
1.149165197926284756e-12
1.139597642020466277e-12
1.130119917266118345e-12
1.120733017678056662e-12
1.111442589856355481e-12
1.102247048746060215e-12
1.093138960279191643e-12
1.084115806185184292e-12
1.075177785054847247e-12
1.066326519016335770e-12
1.057562691671754280e-12
1.048884423217448600e-12
1.040290660083726652e-12
1.031781499385856290e-12
1.023354121914355029e-12
1.015004467934632532e-12
1.006735204455098920e-12
9.985496025495010990e-13
9.904405074765277591e-13
9.824027378402445683e-13
9.744440705839286480e-13
9.665671588277086161e-13
9.587617866099088970e-13
9.510251705852824229e-13
9.433650826041817389e-13
9.357815796292920416e-13
9.282675993093581791e-13
9.208212978778154819e-13
9.134444768002725244e-13
9.061387445514587448e-13
8.989047543861341366e-13
8.917379252779887352e-13
8.846333787144743997e-13
8.775950079748616729e-13
8.706272183195948718e-13
8.637252876501787216e-13
8.568841711695378888e-13
8.501057747521953729e-13
8.433920311804905401e-13
8.367403427426583227e-13
8.301486636189068655e-13
8.236188823306275999e-13
8.171519246874969880e-13
8.107443876731390855e-13
8.043937263176981080e-13
7.981014149852573948e-13
7.918682412339586454e-13
7.856914956330507256e-13
7.795692005115256049e-13
7.735029650099601966e-13
7.674939786725854558e-13
7.615403073834127096e-13
7.556400896054965135e-13
7.497937185842704515e-13
7.440015403917541929e-13
7.382617225916420510e-13
7.325723181576397300e-13
7.269335408969235474e-13
7.213460726435374302e-13
7.158092464200792648e-13
7.103219591967936373e-13
7.048839733817126081e-13
6.994954403808202531e-13
6.941557191173398787e-13
6.888636369674953464e-13
6.836184140496494306e-13
6.784196602489519170e-13
6.732671462822645942e-13
6.681608380111942170e-13
6.631003806260466070e-13
6.580847335739321885e-13
6.531128993465841533e-13
6.481842660551294851e-13
6.432985105020991604e-13
6.384564639412333393e-13
6.336591187830875721e-13
6.289051384781144305e-13
6.241919044997887961e-13
6.195184549141567131e-13
6.148855032366847786e-13
6.102934571310194414e-13
6.057420502341861949e-13
6.012309120391838357e-13
5.967595523322931071e-13
5.923274148862897305e-13
5.879336094968658211e-13
5.835771481973176716e-13
5.792579430550070519e-13
5.749767167023202135e-13
5.707335003490291558e-13
5.665269664058251521e-13
5.623559395000396359e-13
5.582205327392633884e-13
5.541211405376723837e-13
5.500573106910684294e-13
5.460280532857697351e-13
5.420331434432106671e-13
5.380735340971609869e-13
5.341492510102452869e-13
5.302562412493703607e-13
5.263901820784899907e-13
5.225554387146243965e-13
5.187620887009567897e-13
5.150118051187482954e-13
5.112913367688664465e-13
5.075890880725365540e-13
5.039100269121575710e-13
5.002644582674263445e-13
4.966574715295712955e-13
4.930890054891340937e-13
4.895563914661645518e-13
4.860495412219507332e-13
4.825583626376567878e-13
4.790886309718318916e-13
4.756566476006399492e-13
4.722691497466881352e-13
4.689119959196407337e-13
4.655703510303573599e-13
4.622459542948967882e-13
4.589492186931325765e-13
4.556864026429166689e-13
4.524560471077309435e-13
4.492557568040598723e-13
4.460821782983651705e-13
4.429315507182724682e-13
4.398027406549763316e-13
4.366996142294479350e-13
4.336259563594866026e-13
4.305799776664302903e-13
4.275568668097983026e-13
4.245539760671551452e-13
4.215737809185760842e-13
4.186193282115028804e-13
4.156918153951167504e-13
4.127910803693543274e-13
4.099163180855973942e-13
4.070645041071446595e-13
4.042322506457954356e-13
4.014190412396338900e-13
3.986277380004301295e-13
3.958609652701299181e-13
3.931186612551939811e-13
3.903996408082096783e-13
3.877029896335134829e-13
3.850283985940799389e-13
3.823756627924479816e-13
3.797449057604348512e-13
3.771365457308756970e-13
3.745506715513371495e-13
3.719853583443459422e-13
3.694379653233921731e-13
3.669069910300188372e-13
3.643936044127218855e-13
3.618993529514659318e-13
3.594260562780436741e-13
3.569758263888164805e-13
3.545502747682739100e-13
3.521468480882110888e-13
3.497609067982597268e-13
3.473889974533312452e-13
3.450321820468446744e-13
3.426926103591953545e-13
3.403722124684759142e-13
3.380725317890441707e-13
3.357949419866063357e-13
3.335381808606299911e-13
3.312981561265546106e-13
3.290710933974766212e-13
3.268578313441734251e-13
3.246621603811304514e-13
3.224872349413384062e-13
3.203322744024994432e-13
3.181949979062993810e-13
3.160734871533105299e-13
3.139671181497338782e-13
3.118755862858358396e-13
3.097991561748537618e-13
3.077395361535680114e-13
3.056986095277932999e-13
3.036763941059270862e-13
3.016695930909862902e-13
2.996746796749525423e-13
2.976907671711782335e-13
2.957205657806239040e-13
2.937669361019700697e-13
2.918310311395274332e-13
2.899121669028828351e-13
2.880095723618891481e-13
2.861223714060164137e-13
2.842495934097486085e-13
2.823903064951779152e-13
2.805440265972746912e-13
2.787106392239364803e-13
2.768900663433568160e-13
2.750826072805650746e-13
2.732888523011246607e-13
2.715093696606316055e-13
2.697444510505403945e-13
2.679941757046577548e-13
2.662585667272102381e-13
2.645368602288263459e-13
2.628276647819753419e-13
2.611296653154042074e-13
2.594429381693714573e-13
2.577688058998714596e-13
2.561085545305301902e-13
2.544619958527220442e-13
2.528274024742654429e-13
2.512030439607731023e-13
2.495888423171842272e-13
2.479868613068077111e-13
2.463992521286004820e-13
2.448265846404691633e-13
2.432667763992273401e-13
2.417175259471199223e-13
2.401774596278054490e-13
2.386474042729398509e-13
2.371284984711436548e-13
2.356215825442416161e-13
2.341264448081283389e-13
2.326426336902024572e-13
2.311697665742048783e-13
2.297078502121505806e-13
2.282570377410471000e-13
2.268174211597216802e-13
2.253884112977986283e-13
2.239689878551295538e-13
2.225581777102793091e-13
2.211560967586941168e-13
2.197640754118155276e-13
2.183834797027405289e-13
2.170148911320447742e-13
2.156572996939058062e-13
2.143095156519843145e-13
2.129706859345306947e-13
2.116413626549763811e-13
2.103224697792421639e-13
2.090147835910803127e-13
2.077176734392386922e-13
2.064296749119267461e-13
2.051493620347848941e-13
2.038763930349827349e-13
2.026118749166918243e-13
2.013569974134262398e-13
2.001125370984842317e-13
1.988779526876742565e-13
1.976524406434858673e-13
1.964352588452500227e-13
1.952261502378272156e-13
1.940251320968134533e-13
1.928322263429607625e-13
1.916475900651059284e-13
1.904715837139227737e-13
1.893045778616259792e-13
1.881467809478709139e-13
1.869976782544007377e-13
1.858565551538478171e-13
1.847227410882356442e-13
1.835962125602958373e-13
1.824775307030379873e-13
1.813672676659644866e-13
1.802656991941384380e-13
1.791722307735948668e-13
1.780861147859619177e-13
1.770066866437160002e-13
1.759342379073679847e-13
1.748697299018973858e-13
1.738141198127781736e-13
1.727677458018359639e-13
1.717293625504033670e-13
1.706974907197670193e-13
1.696707852155097329e-13
1.686494089970229197e-13
1.676345950646169478e-13
1.666275779598018315e-13
1.656291682625665290e-13
1.646389458303191683e-13
1.636562680543444604e-13
1.626805140137172590e-13
1.617112948568820020e-13
1.607484331883652367e-13
1.597917619902119068e-13
1.588411498459744061e-13
1.578966260580063209e-13
1.569582665229918503e-13
1.560261469248205317e-13
1.551004347314178218e-13
1.541814393101596153e-13
1.532694767412220174e-13
1.523647973635795617e-13
1.514670290248376158e-13
1.505754412362566287e-13
1.496893108552428581e-13
1.488081791798800824e-13
1.479325041466091659e-13
1.470629400664986592e-13
1.462001187929068549e-13
1.453440925142699453e-13
1.444940772702160258e-13
1.436492352219431672e-13
1.428088198721023573e-13
1.419730918686687690e-13
1.411429957638859876e-13
1.403194735554711074e-13
1.395032104154213486e-13
1.386936200942946440e-13
1.378897148641420096e-13
1.370905236703369523e-13
1.362954670025928905e-13
1.355049612691937351e-13
1.347195756630111987e-13
1.339398623955125374e-13
1.331660060178196753e-13
1.323976695513340846e-13
1.316344806819283399e-13
1.308760883913130674e-13
1.301224373895553065e-13
1.293737306989933716e-13
1.286301766323240140e-13
1.278919515679535043e-13
1.271589472279345094e-13
1.264308949643342673e-13
1.257075282823040024e-13
1.249886225491510306e-13
1.242741995736001685e-13
1.235643767036503215e-13
1.228592693003768440e-13
1.221589696480952870e-13
1.214634731631225451e-13
1.207727479891778981e-13
1.200867624782621442e-13
1.194054775168300787e-13
1.187288271886653679e-13
1.180567403566973650e-13
1.173891467335702956e-13
1.167259583097760916e-13
1.160670325952958541e-13
1.154122187636339685e-13
1.147613682946021763e-13
1.141144295767746381e-13
1.134716129182437319e-13
1.128331696532118434e-13
1.121993465422077237e-13
1.115702314308907083e-13
1.109454939202003709e-13
1.103247391900373390e-13
1.097075786270737260e-13
1.090937916882047886e-13
1.084836321238618004e-13
1.078774344949307117e-13
1.072755277579063588e-13
1.066781158455826278e-13
1.060850021225079493e-13
1.054959104595217984e-13
1.049105688506076262e-13
1.043287616561477659e-13
1.037504964267655443e-13
1.031758382201842686e-13
1.026048508510924732e-13
1.020375775312576957e-13
1.014739486311958496e-13
1.009138552964050845e-13
1.003571901143317840e-13
9.980386395070655578e-14
9.925393588495043478e-14
9.870753985072506672e-14
9.816480812135842526e-14
9.762585939960172349e-14
9.709063678412302418e-14
9.655894823999167676e-14
9.603060086293013662e-14
9.550540800952933394e-14
9.498331566026813912e-14
9.446443607074886273e-14
9.394889035357435320e-14
9.343679719790022874e-14
9.292819231244442774e-14
9.242292821822730207e-14
9.192083452468820269e-14
9.142174327170094839e-14
9.092553010075814320e-14
9.043226106178353813e-14
8.994205499742143034e-14
8.945502876272096138e-14
8.897128116225491926e-14
8.849073744978827759e-14
8.801321983798674770e-14
8.753855160991013199e-14
8.706656233349988600e-14
8.659723431460483278e-14
8.613074715573639544e-14
8.566729097726064063e-14
8.520705281806464757e-14
8.475012592781615493e-14
8.429631540330560991e-14
8.384537269207298981e-14
8.339705281381095118e-14
8.295114223022389171e-14
8.250769318050910761e-14
8.206690100531379885e-14
8.162895946458942506e-14
8.119405623381016279e-14
8.076221681108470078e-14
8.033323209899935086e-14
7.990687721021605578e-14
7.948293045248204068e-14
7.906122620408089079e-14
7.864185132527457119e-14
7.822496511030136146e-14
7.781072437144499671e-14
7.739927709528055232e-14
7.699063225947492635e-14
7.658466727101403433e-14
7.618125587783807113e-14
7.578027354955547019e-14
7.538162479172007877e-14
7.498530889650043618e-14
7.459134502112450069e-14
7.419975191860940470e-14
7.381054601260274658e-14
7.342370972763849492e-14
7.303919710239599757e-14
7.265696181685080186e-14
7.227695810743730260e-14
7.189915900322672665e-14
7.152360106258488840e-14
7.115033389659020071e-14
7.077940627883758700e-14
7.041086316537489655e-14
7.004468204440867865e-14
6.968077516369752863e-14
6.931905316070274410e-14
6.895942784619055681e-14
6.860183026611667705e-14
6.824628033317486087e-14
6.789282429805020196e-14
6.754150764882710909e-14
6.719237456711218420e-14
6.684543657826570351e-14
6.650065609028982833e-14
6.615799180410342182e-14
6.581740290244117861e-14
6.547885180425119102e-14
6.514232883989242878e-14
6.480784012606152629e-14
6.447539177978912795e-14
6.414498972907734938e-14
6.381662521211268927e-14
6.349023999396731917e-14
6.316576601351897047e-14
6.284313607285821240e-14
6.252228470637320440e-14
6.220318955993929185e-14
6.188588853088290157e-14
6.157042347398446473e-14
6.125683556849507670e-14
6.094516128308662522e-14
6.063538772520899193e-14
6.032746981023689152e-14
6.002136241290451516e-14
5.971702094882565594e-14
5.941441267902319153e-14
5.911356297343421516e-14
5.881451514008933251e-14
5.851731180928265639e-14
5.822199485085793590e-14
5.792856958797778917e-14
5.763694982129108560e-14
5.734703612016408328e-14
5.705873034015787010e-14
5.677193683963281904e-14
5.648662553717380740e-14
5.620286106820180786e-14
5.592071464712162229e-14
5.564025643730241880e-14
5.536155230197767906e-14
5.508460270291475750e-14
5.480934906738895960e-14
5.453573136335072036e-14
5.426369029964899038e-14
5.399317021076023557e-14
5.372414804671497481e-14
5.345662080422172752e-14
5.319058575024232107e-14
5.292604012066939071e-14
5.266298286289428249e-14
5.240142562499614168e-14
5.214138549733862848e-14
5.188287929746938905e-14
5.162592354764111686e-14
5.137052576865216302e-14
5.111664612602085657e-14
5.086422934952637531e-14
5.061322083046298002e-14
5.036356662698017997e-14
5.011523055562185899e-14
4.986825280541508718e-14
4.962269404863843889e-14
4.937861408757766254e-14
4.913607186446693728e-14
4.889509811533266739e-14
4.865561581745171574e-14
4.841752260710084135e-14
4.818071741145292220e-14
4.794510043455398074e-14
4.771060398800237022e-14
4.747728017987853811e-14
4.724520905374005599e-14
4.701446954457074824e-14
4.678513949110629665e-14
4.655727105213544954e-14
4.633081752429607436e-14
4.610570829466611209e-14
4.588187361591150704e-14
4.565924459631095977e-14
4.543776549258864073e-14
4.521743757695364581e-14
4.499827817402822979e-14
4.478030433495908884e-14
4.456353283902039535e-14
4.434797973359450871e-14
4.413365820059470772e-14
4.392058028884788935e-14
4.370875783839592421e-14
4.349820248428598171e-14
4.328892018187119042e-14
4.308087518226489668e-14
4.287401308286363581e-14
4.266828003000480731e-14
4.246362281382513508e-14
4.225999328964709599e-14
4.205739596459335537e-14
4.185586910399831314e-14
4.165545101899117103e-14
4.145617948563525073e-14
4.125809009726375611e-14
4.106118244236757897e-14
4.086542196469833975e-14
4.067077311958756916e-14
4.047720076839532967e-14
4.028467039912534084e-14
4.009316126721115882e-14
3.990267346354312830e-14
3.971320879891574392e-14
3.952476902021811185e-14
3.933735580668999078e-14
3.915096774188829482e-14
3.896559513131265157e-14
3.878122697059226870e-14
3.859785235360167798e-14
3.841546047158496075e-14
3.823404250544474902e-14
3.805359992829941126e-14
3.787413758931817351e-14
3.769566024112694620e-14
3.751817253841316995e-14
3.734167852711337577e-14
3.716617576436567138e-14
3.699165745160390423e-14
3.681811675323898182e-14
3.664554688071578775e-14
3.647394098271657370e-14
3.630328693164319770e-14
3.613356511992996971e-14
3.596475556347959080e-14
3.579683848937020104e-14
3.562979433453899155e-14
3.546360977841366822e-14
3.529829221629054875e-14
3.513385330470673677e-14
3.497030452381177931e-14
3.480765717937485711e-14
3.464592033129311053e-14
3.448508290582082016e-14
3.432512276048107087e-14
3.416601786691740941e-14
3.400774643283547721e-14
3.385028709989607644e-14
3.369362881977029574e-14
3.353777522753207046e-14
3.338273102489737099e-14
3.322850082642025740e-14
3.307508916049180444e-14
3.292250075486168614e-14
3.277074146706163456e-14
3.261981737893423204e-14
3.246973446844598025e-14
3.232049861101960426e-14
3.217211450198059431e-14
3.202456847840493895e-14
3.187783178813246294e-14
3.173187552753198479e-14
3.158667111005932467e-14
3.144219027820428100e-14
3.129841493751769572e-14
3.115535394948671835e-14
3.101302054723940247e-14
3.087142778013084719e-14
3.073058851566101903e-14
3.059051406666759538e-14
3.045119993057334637e-14
3.031263169311099936e-14
3.017479492478862599e-14
3.003767534073821235e-14
2.990125882571392274e-14
2.976553784093207159e-14
2.963051967221039948e-14
2.949621355677082063e-14
2.936262859812145780e-14
2.922977376759639149e-14
2.909765615683865834e-14
2.896626362518413748e-14
2.883557237056113299e-14
2.870555867114759503e-14
2.857619905843573552e-14
2.844747033578102584e-14
2.831935919759827953e-14
2.819187732141591122e-14
2.806504017666727147e-14
2.793886303061595838e-14
2.781336095045757662e-14
2.768854765412339594e-14
2.756441924997837818e-14
2.744095836354246391e-14
2.731814744469372519e-14
2.719596912380407049e-14
2.707440621000057940e-14
2.695344573903350908e-14
2.683309021186073503e-14
2.671334571027144632e-14
2.659421822558791002e-14
2.647571365965001375e-14
2.635783764436392054e-14
2.624058934571068558e-14
2.612396001195392188e-14
2.600794047834902718e-14
2.589252166445413056e-14
2.577769457335080833e-14
2.566345039504320045e-14
2.554978119209845105e-14
2.543667946168187817e-14
2.532413776925184526e-14
2.521214874605588510e-14
2.510070509888002348e-14
2.498980472295351087e-14
2.487945888922979880e-14
2.476968087698956365e-14
2.466048379715344634e-14
2.455188059413010414e-14
2.444388333192878790e-14
2.433648564852563510e-14
2.422966192393798004e-14
2.412338587939974791e-14
2.401763151251085933e-14
2.391237309462496480e-14
2.380758864960595316e-14
2.370328361525794077e-14
2.359947612613097149e-14
2.349618417326731826e-14
2.339342553075733052e-14
2.329121775567057935e-14
2.318957105956165688e-14
2.308847266634263393e-14
2.298790535544265282e-14
2.288785208030424410e-14
2.278829596665349336e-14
2.268922045155274552e-14
2.259061737243731429e-14
2.249249126259830602e-14
2.239484766100397801e-14
2.229769203062100163e-14
2.220102975920202323e-14
2.210486559468368315e-14
2.200919515914112182e-14
2.191400682203805634e-14
2.181928885822895738e-14
2.172502965621358873e-14
2.163121771713218779e-14
2.153784353668547694e-14
2.144491129968225687e-14
2.135243110311671641e-14
2.126041294607726820e-14
2.116886670482166160e-14
2.107780213406070556e-14
2.098722454144933494e-14
2.089712262637324371e-14
2.080748124647509417e-14
2.071828540919386945e-14
2.062952027033385141e-14
2.054117116338836648e-14
2.045323034983125751e-14
2.036570540280484800e-14
2.027860588130704937e-14
2.019194122889933341e-14
2.010572077486075057e-14
2.001995354519635772e-14
1.993463921932999300e-14
1.984976429886978965e-14
1.976531440724031221e-14
1.968127530868973068e-14
1.959763290698513926e-14
1.951437364574788840e-14
1.943149303611197752e-14
1.934899538606039422e-14
1.926688531490650049e-14
1.918516738158194753e-14
1.910384608521220646e-14
1.902292569312343406e-14
1.894240816996248771e-14
1.886229387774472079e-14
1.878258313076791846e-14
1.870327622849482536e-14
1.862437345575872594e-14
1.854587427103293464e-14
1.846777098501004274e-14
1.839005227006075126e-14
1.831270687454147529e-14
1.823572365392896095e-14
1.815909156990064723e-14
1.808280159719548353e-14
1.800685741995646569e-14
1.793126780178160250e-14
1.785604141973029662e-14
1.778118685017152705e-14
1.770671256978507137e-14
1.763262436933271100e-14
1.755891441411057863e-14
1.748557051674174785e-14
1.741258060338759367e-14
1.733993271522062431e-14
1.726761500741939661e-14
1.719561847350850959e-14
1.712394631380417599e-14
1.705260505613872952e-14
1.698160115202200617e-14
1.691094097720042894e-14
1.684063083239180962e-14
1.677067525230310846e-14
1.670107210003663810e-14
1.663181763426152775e-14
1.656290814256494131e-14
1.649433994120788068e-14
1.642610937487008714e-14
1.635821213076385799e-14
1.629064142495774203e-14
1.622338996129807174e-14
1.615645050912866287e-14
1.608981590274328506e-14
1.602347904093064364e-14
1.595743521418062683e-14
1.589168819001085434e-14
1.582624360083556928e-14
1.576110701397763073e-14
1.569628393227003286e-14
1.563177979465338497e-14
1.556759784319509529e-14
1.550373338473803445e-14
1.544017993974952481e-14
1.537693108564420213e-14
1.531398045627884167e-14
1.525132174146612637e-14
1.518894977948364564e-14
1.512686381819309905e-14
1.506506419523910880e-14
1.500355123739144878e-14
1.494232526066990861e-14
1.488138657046714453e-14
1.482073495075838763e-14
1.476036788661105676e-14
1.470028223737880090e-14
1.464047488628200009e-14
1.458094274026073759e-14
1.452168272979489225e-14
1.446269237329780965e-14
1.440397217096674277e-14
1.434552358047135838e-14
1.428734803868580752e-14
1.422944696133704495e-14
1.417182174322593277e-14
1.411447326815508170e-14
1.405739926709475480e-14
1.400059625064053478e-14
1.394406075379021267e-14
1.388778933877023223e-14
1.383177859481870434e-14
1.377602540049828081e-14
1.372052883405192560e-14
1.366528905138947377e-14
1.361030620815555482e-14
1.355558045207703131e-14
1.350111192306049735e-14
1.344690056653040982e-14
1.339294419734390562e-14
1.333923929699074919e-14
1.328578235327636957e-14
1.323256988187841705e-14
1.317959842612737464e-14
1.312686465522869751e-14
1.307436696284344050e-14
1.302210518400434846e-14
1.297007919444452485e-14
1.291828886530811618e-14
1.286673406321142512e-14
1.281541464585118453e-14
1.276433033330326395e-14
1.271348068975941944e-14
1.266286526948610432e-14
1.261248362536216873e-14
1.256233530891603864e-14
1.251241986221418733e-14
1.246273628267573506e-14
1.241328269771944250e-14
1.236405716803156219e-14
1.231505776730857204e-14
1.226628258216450311e-14
1.221772971192664671e-14
1.216939723581557706e-14
1.212128316798039049e-14
1.207338552483856865e-14
1.202570233642697535e-14
1.197823164630734949e-14
1.193097151147878722e-14
1.188392045597023971e-14
1.183707868725811562e-14
1.179044679215808156e-14
1.174402534703694387e-14
1.169781491791970335e-14
1.165181606059949878e-14
1.160602906314852289e-14
1.156045266629068988e-14
1.151508504813667980e-14
1.146992439808055313e-14
1.142496891765285496e-14
1.138021682043434202e-14
1.133566629166767062e-14
1.129131510615625939e-14
1.124716080253139566e-14
1.120320093437135766e-14
1.115943307348906021e-14
1.111585480979996468e-14
1.107246386829498933e-14
1.102926049416074783e-14
1.098624732589998486e-14
1.094342707005135657e-14
1.090080240377550280e-14
1.085837597512960066e-14
1.081615035862774212e-14
1.077412532823271162e-14
1.073229631268233726e-14
1.069065839908321854e-14
1.064920671534531355e-14
1.060793642984414555e-14
1.056684275323755284e-14
1.052592231195315417e-14
1.048517549104035818e-14
1.044460329476827798e-14
1.040420671433326196e-14
1.036398672797492898e-14
1.032394430109513802e-14
1.028408025395684782e-14
1.024439473571676921e-14
1.020488768522671830e-14
1.016555903792531203e-14
1.012640872595221570e-14
1.008743667819377387e-14
1.004864257227123808e-14
1.001002366754738750e-14
9.971575881619319396e-15
9.933295149788563184e-15
9.895177440321630878e-15
9.857218754202922212e-15
9.819415289952560055e-15
9.781767139845426760e-15
9.744278288421660668e-15
9.706952853348050291e-15
9.669794911826828698e-15
9.632808500952098221e-15
9.595997585026223483e-15
9.559362923755285819e-15
9.522899531961780588e-15
9.486601860409299325e-15
9.450464405776696011e-15
9.414481710272564438e-15
9.378648361349924575e-15
9.342960262776540926e-15
9.307417849089586354e-15
9.272022541851440645e-15
9.236775746896821726e-15
9.201678854459164333e-15
9.166733239301107071e-15
9.131940125175657055e-15
9.097299739374064687e-15
9.062811871568826513e-15
9.028476308226487847e-15
8.994292834540839510e-15
8.960261234457017526e-15
8.926381244307886851e-15
8.892651807479382253e-15
8.859071209890800730e-15
8.825637728878648409e-15
8.792349653831747724e-15
8.759205286103516079e-15
8.726202945684067774e-15
8.693341409461424065e-15
8.660620174920387243e-15
8.628038805159852303e-15
8.595596864219164234e-15
8.563293917082469376e-15
8.531129529663129109e-15
8.499103207394923145e-15
8.467214258494213435e-15
8.435461954281938230e-15
8.403845569621158508e-15
8.372364382899449018e-15
8.341017676010781305e-15
8.309804749284235132e-15
8.278725010636787097e-15
8.247777914799868815e-15
8.216962918706416004e-15
8.186279481317435840e-15
8.155727063616666370e-15
8.125305123521893552e-15
8.095013032337022536e-15
8.064850088882305654e-15
8.034815593022336633e-15
8.004908848066027377e-15
7.975129160748751308e-15
7.945475842221707467e-15
7.915948282475921884e-15
7.886546000568933053e-15
7.857268529243760312e-15
7.828115402771427637e-15
7.799086156947464257e-15
7.770180329089675336e-15
7.741397455691694140e-15
7.712737066575010997e-15
7.684198691368670461e-15
7.655781861317148028e-15
7.627486109277177331e-15
7.599310969714028302e-15
7.571255884247940877e-15
7.543319558198204373e-15
7.515500357909220294e-15
7.487796659161116360e-15
7.460206849147311929e-15
7.432729326395500964e-15
7.405362571762422968e-15
7.378106574084635902e-15
7.350962743792964854e-15
7.323932533887199881e-15
7.297017383056888144e-15
7.270218715803223959e-15
7.243537931421200505e-15
7.216975170405040692e-15
7.190528209350306820e-15
7.164194577689322404e-15
7.137971823257868503e-15
7.111857512154772787e-15
7.085849228607837894e-15
7.059945091762323117e-15
7.034145343363929476e-15
7.008450758985163954e-15
6.982862105815900344e-15
6.957380142733424568e-15
6.932005620373238104e-15
6.906739134892647912e-15
6.881579919356563341e-15
6.856526476459234166e-15
6.831577311971519754e-15
6.806730942008900458e-15
6.781985892959693640e-15
6.757340732722515312e-15
6.732794877072305456e-15
6.708348653100414737e-15
6.684002428924275448e-15
6.659756567819525147e-15
6.635611428263122642e-15
6.611567362697411998e-15
6.587624478579047261e-15
6.563782359911559921e-15
6.540040524105914094e-15
6.516398490694279064e-15
6.492855781320540858e-15
6.469411919731104130e-15
6.446066315690737765e-15
6.422817845442551857e-15
6.399665237657063573e-15
6.376607229538363922e-15
6.353642566781197405e-15
6.330770003513887937e-15
6.307988409306872557e-15
6.285297791070132611e-15
6.262698831633424063e-15
6.240192215936372109e-15
6.217778621782011626e-15
6.195458719897771645e-15
6.173233144654581234e-15
6.151101611956995690e-15
6.129062772730491881e-15
6.107115226577246717e-15
6.085257582680914050e-15
6.063488459739186538e-15
6.041806487344920691e-15
6.020210669088654967e-15
5.998700857582613927e-15
5.977277023792344391e-15
5.955939137409648664e-15
5.934687166867467187e-15
5.913521079354026751e-15
5.892440794773310378e-15
5.871446011231868932e-15
5.850536361570161831e-15
5.829711480049087215e-15
5.808971002357491903e-15
5.788314565606963331e-15
5.767741793494054862e-15
5.747252156218682088e-15
5.726845034438723561e-15
5.706519811036830968e-15
5.686275872340141409e-15
5.666112608099874296e-15
5.646029428645205613e-15
5.626026231644279110e-15
5.606103453150874037e-15
5.586261552700996528e-15
5.566500984878491606e-15
5.546822199358984320e-15
5.527225636930133272e-15
5.507711105900702757e-15
5.488277113382106867e-15
5.468922015020596528e-15
5.449644177912470495e-15
5.430441980523447452e-15
5.411313812612085765e-15
5.392258511485236600e-15
5.373276690019444851e-15
5.354369402759877584e-15
5.335537694856228858e-15
5.316782602134563648e-15
5.298105151172557038e-15
5.279506156839565626e-15
5.260984799738237483e-15
5.242539482540601765e-15
5.224168613919857825e-15
5.205870613544931281e-15
5.187643912003041796e-15
5.169487008476278932e-15
5.151399451001153777e-15
5.133381688518722249e-15
5.115434195096466262e-15
5.097557440029409931e-15
5.079751887877821591e-15
5.062017989894844576e-15
5.044355718213952420e-15
5.026764332610263889e-15
5.009243038842178167e-15
4.991791047575875811e-15
4.974407574353313079e-15
4.957091840561171900e-15
4.939843591055528593e-15
4.922663934776049770e-15
4.905554192508977081e-15
4.888515673959004945e-15
4.871549677843401906e-15
4.854657491990976398e-15
4.837839082022686600e-15
4.821088224134161984e-15
4.804396916465389096e-15
4.787757215963653578e-15
4.771161238392003069e-15
4.754601158195723824e-15
4.738071974682813757e-15
4.721592209776880030e-15
4.705192087068188842e-15
4.688901692111350535e-15
4.672750884217046765e-15
4.656769302022880224e-15
4.640981741770098570e-15
4.625336631709951613e-15
4.609720398551895351e-15
4.594018445049983741e-15
4.578117018014559448e-15
4.561903253055327352e-15
4.545271238331958716e-15
4.528341878884852217e-15
4.511524124609683890e-15
4.495242377830972133e-15
4.479917698914032041e-15
4.465968474311720192e-15
4.453806821235048786e-15
4.443224175566031054e-15
4.432778338313572883e-15
4.420885718658980557e-15
4.405970674352213417e-15
4.386473607471213088e-15
4.360865066162017654e-15
4.328330272936692313e-15
4.290130273167925874e-15
4.247902260545721991e-15
4.203248550219450138e-15
4.157724386609811924e-15
4.112831500426204924e-15
4.069778303542293068e-15
4.028615472797488915e-15
3.989067407753128924e-15
3.950868088925517600e-15
3.913760284556786257e-15
3.877494875712751341e-15
3.841838497874932966e-15
3.806701429062747110e-15
3.772109427827540746e-15
3.738090799661836451e-15
3.704672921403296552e-15
3.671882285477138183e-15
3.639744546431224251e-15
3.608277131442812452e-15
3.577462158111919761e-15
3.547272048987063725e-15
3.517679945142059659e-15
3.488659677831034663e-15
3.460185740322136778e-15
3.432233261264078569e-15
3.404777979529182221e-15
3.377796220480055064e-15
3.351264873609688130e-15
3.325161371507511542e-15
3.299463670107712552e-15
3.274150230176564940e-15
