1.864760000000000582e+05
1.863419388391974499e+05
1.862080100372744782e+05
1.860742083285038534e+05
1.859405284281673958e+05
1.858069650324847898e+05
1.856735128185551439e+05
1.855401664442904294e+05
1.854069205483593105e+05
1.852737697501256480e+05
1.851407086495890107e+05
1.850077318273303099e+05
1.848748338444561814e+05
1.847420092425432813e+05
1.846092525435878197e+05
1.844765582499527081e+05
1.843439208443226235e+05
1.842113347896486230e+05
1.840787945291091164e+05
1.839462944860610587e+05
1.838138290639974584e+05
1.836813926465068653e+05
1.835489795972346619e+05
1.834165842598403688e+05
1.832842009579675505e+05
1.831518240036060452e+05
1.830194532053702860e+05
1.828871034169537888e+05
1.827547920842175372e+05
1.826225367128128128e+05
1.824903548683149857e+05
1.823582641763696738e+05
1.822262823228583438e+05
1.820944270540831494e+05
1.819627161769660306e+05
1.818311675592693209e+05
1.816997991298341658e+05
1.815686288765966601e+05
1.814376673168882844e+05
1.813069006436470081e+05
1.811763100857809186e+05
1.810458768064468168e+05
1.809155819027785619e+05
1.807854064056305215e+05
1.806553312793518417e+05
1.805253374215643271e+05
1.803954056629681727e+05
1.802655167671699310e+05
1.801356514305222081e+05
1.800057903630028013e+05
1.798759228282604308e+05
1.797460542047460331e+05
1.796161916647678299e+05
1.794863424050882459e+05
1.793565136469627614e+05
1.792267126361834235e+05
1.790969466431224428e+05
1.789672229627792549e+05
1.788375489148335182e+05
1.787079318436964240e+05
1.785783791185661103e+05
1.784488976800945529e+05
1.783194894730299711e+05
1.781901533248950436e+05
1.780608880115200591e+05
1.779316923039319809e+05
1.778025649683341908e+05
1.776735047660963028e+05
1.775445104537446459e+05
1.774155807829460537e+05
1.772867145004959311e+05
1.771579103483088547e+05
1.770291670867951470e+05
1.769004849645362701e+05
1.767718665988381254e+05
1.766433148256000131e+05
1.765148324899036379e+05
1.763864224460370897e+05
1.762580875575177488e+05
1.761298306971195270e+05
1.760016547468921053e+05
1.758735625981925114e+05
1.757455571517049684e+05
1.756176413097604527e+05
1.754898161306784314e+05
1.753620784250047582e+05
1.752344243982457847e+05
1.751068502422554884e+05
1.749793521351995005e+05
1.748519262415164558e+05
1.747245687118812057e+05
1.745972756831716106e+05
1.744700432784284349e+05
1.743428676068267378e+05
1.742157447702185309e+05
1.740886716243156407e+05
1.739616464905583707e+05
1.738346678518368280e+05
1.737077341853240796e+05
1.735808439624712628e+05
1.734539956489888718e+05
1.733271877048388415e+05
1.732004185842164152e+05
1.730736867355431896e+05
1.729469906014542212e+05
1.728203289244027401e+05
1.726937066762141476e+05
1.725671346692753432e+05
1.724406239755368151e+05
1.723141857042305928e+05
1.721878310019660858e+05
1.720615710528272612e+05
1.719354170784848684e+05
1.718093803383083432e+05
1.716834721294958144e+05
1.715577037871998327e+05
1.714320820274079742e+05
1.713065946276077011e+05
1.711812244982212724e+05
1.710559544905610092e+05
1.709307673966423026e+05
1.708056459490053239e+05
1.706805728205587075e+05
1.705555306244393869e+05
1.704305019138858188e+05
1.703054691821351007e+05
1.701804162824556115e+05
1.700553449476382521e+05
1.699302692052006605e+05
1.698052033695053251e+05
1.696801618033080595e+05
1.695551589178353024e+05
1.694302091728794330e+05
1.693053270768979564e+05
1.691805271871344012e+05
1.690558241097443388e+05
1.689312321126643219e+05
1.688067556918959017e+05
1.686823889987942239e+05
1.685581256695166521e+05
1.684339593179532967e+05
1.683098835356556519e+05
1.681858918917690171e+05
1.680619779329723970e+05
1.679381351834110392e+05
1.678143571446402930e+05
1.676906375080748985e+05
1.675669751232271083e+05
1.674433741851603263e+05
1.673198391488501802e+05
1.671963744838587299e+05
1.670729846743758826e+05
1.669496742192554520e+05
1.668264476320538088e+05
1.667033094410722842e+05
1.665802641893988184e+05
1.664573152810389001e+05
1.663344525975905126e+05
1.662116571955974214e+05
1.660889099177626777e+05
1.659661915412498056e+05
1.658434827775447629e+05
1.657207642723511672e+05
1.655980166055014415e+05
1.654752202908897889e+05
1.653523557764350844e+05
1.652294132037954114e+05
1.651064211437392514e+05
1.649834177368737874e+05
1.648604412520991755e+05
1.647375300867893384e+05
1.646147227670661523e+05
1.644920579481560562e+05
1.643695744148494850e+05
1.642473110820435686e+05
1.641253050614464155e+05
1.640035518946667435e+05
1.638820068894986471e+05
1.637606235659639060e+05
1.636393552861527423e+05
1.635181552536210802e+05
1.633969765129180159e+05
1.632757719492482429e+05
1.631544942882691685e+05
1.630330961637579894e+05
1.629115540659773396e+05
1.627899037973837112e+05
1.626681903013192932e+05
1.625464586722175591e+05
1.624247541556792567e+05
1.623031221486770955e+05
1.621816081998845038e+05
1.620602580101297644e+05
1.619391174329842615e+05
1.618182196846335719e+05
1.616975427702705783e+05
1.615770496671787987e+05
1.614567032272117503e+05
1.613364661764869816e+05
1.612163011149291415e+05
1.610961705158936966e+05
1.609760367258840124e+05
1.608558619643496640e+05
1.607356170238590275e+05
1.606153160807082313e+05
1.604949869152105239e+05
1.603746574050930503e+05
1.602543555212001957e+05
1.601341093276424799e+05
1.600139469819746155e+05
1.598938967354407650e+05
1.597739869332136004e+05
1.596542364600892761e+05
1.595346278921224584e+05
1.594151350932646310e+05
1.592957318392549059e+05
1.591763918173457205e+05
1.590570886260602856e+05
1.589377957750014612e+05
1.588184866847005032e+05
1.586991348286361608e+05
1.585797307720910758e+05
1.584602984270746529e+05
1.583408656210615591e+05
1.582214602740387199e+05
1.581021103986456001e+05
1.579828441003541811e+05
1.578636895777068275e+05
1.577446751226020278e+05
1.576258266817873227e+05
1.575071359642634925e+05
1.573885692886218021e+05
1.572700922671406297e+05
1.571516703967663343e+05
1.570332690588164842e+05
1.569148535187536327e+05
1.567963889260364813e+05
1.566778403323632374e+05
1.565591909925725777e+05
1.564404768678537221e+05
1.563217434798429604e+05
1.562030365008593944e+05
1.560844017540886998e+05
1.559658852139065275e+05
1.558475330063318252e+05
1.557293914096227963e+05
1.556115013414941204e+05
1.554938516834773181e+05
1.553764025292316801e+05
1.552591135396804893e+05
1.551419442409469048e+05
1.550248540238221176e+05
1.549078021433454123e+05
1.547907477184820455e+05
1.546736506643768516e+05
1.545564963332239422e+05
1.544392981354807271e+05
1.543220709656970575e+05
1.542048297676513903e+05
1.540875895343839948e+05
1.539703653082506498e+05
1.538531721809866140e+05
1.537360251894593821e+05
1.536189327231328061e+05
1.535018925539243792e+05
1.533849014988111448e+05
1.532679563637900865e+05
1.531510539438607811e+05
1.530341910229977802e+05
1.529173643741313717e+05
1.528005708287188609e+05
1.526838124519162229e+05
1.525671001317857881e+05
1.524504456364289799e+05
1.523338607721753942e+05
1.522173573836756113e+05
1.521009473540024774e+05
1.519846426047589048e+05
1.518684547002852778e+05
1.517523790965051739e+05
1.516363898025024682e+05
1.515204592626423400e+05
1.514045598301262071e+05
1.512886637668029289e+05
1.511727432430387707e+05
1.510567703376312274e+05
1.509407194532427820e+05
1.508246028149602062e+05
1.507084628058894305e+05
1.505923427776607859e+05
1.504762862231919717e+05
1.503603367769590113e+05
1.502445382153967803e+05
1.501289344574202260e+05
1.500135596737404703e+05
1.498983940525665530e+05
1.497833993175568467e+05
1.496685370511951623e+05
1.495537687093955756e+05
1.494390556210657815e+05
1.493243589877807535e+05
1.492096401541226369e+05
1.490948799658629578e+05
1.489800917772090179e+05
1.488652920539411716e+05
1.487504973154229519e+05
1.486357241346557857e+05
1.485209891383465438e+05
1.484063090070021281e+05
1.482916974567156576e+05
1.481771469076446665e+05
1.480626405549502233e+05
1.479481615025920328e+05
1.478336927991227712e+05
1.477192174376064795e+05
1.476047183555583470e+05
1.474901791379747156e+05
1.473756068699666648e+05
1.472610372461207735e+05
1.471465077965128003e+05
1.470320561723181163e+05
1.469177201460811484e+05
1.468035376120900037e+05
1.466895465545218030e+05
1.465757662390834303e+05
1.464621654807724990e+05
1.463487046166942746e+05
1.462353438545700628e+05
1.461220432722758269e+05
1.460087628174882848e+05
1.458954623074394476e+05
1.457821093504527234e+05
1.456687101074714737e+05
1.455552825338736002e+05
1.454418446457858954e+05
1.453284145173528232e+05
1.452150102807879739e+05
1.451016501264537219e+05
1.449883495463087747e+05
1.448751053478562972e+05
1.447619065317835775e+05
1.446487420373799105e+05
1.445356007678872847e+05
1.444224715904495679e+05
1.443093433360578201e+05
1.441962081009499670e+05
1.440830815048868244e+05
1.439699894493647444e+05
1.438569579602071608e+05
1.437440131462548452e+05
1.436311811995810131e+05
1.435184883957477577e+05
1.434059547502545465e+05
1.432935638569676667e+05
1.431812862381200248e+05
1.430690923046601238e+05
1.429569523719314311e+05
1.428448366594362305e+05
1.427327152911029698e+05
1.426205671416544355e+05
1.425084026039801247e+05
1.423962391502966639e+05
1.422840943084840546e+05
1.421719856621463550e+05
1.420599308506995148e+05
1.419479474676461250e+05
1.418360436158342636e+05
1.417242102051919210e+05
1.416124363110510458e+05
1.415007109733838879e+05
1.413890231967268628e+05
1.412773619501148059e+05
1.411657167379694583e+05
1.410540854911409842e+05
1.409424726058729866e+05
1.408308826560737216e+05
1.407193202298459946e+05
1.406077899295100360e+05
1.404962963716235827e+05
1.403848454129702295e+05
1.402734477442057687e+05
1.401621152717480727e+05
1.400508599393213226e+05
1.399396937280517304e+05
1.398286286565683549e+05
1.397176759064846265e+05
1.396068246162925207e+05
1.394960406547641905e+05
1.393852886769688339e+05
1.392745332254439127e+05
1.391637387300672999e+05
1.390528695087051892e+05
1.389419047747371951e+05
1.388308774146868964e+05
1.387198324417935801e+05
1.386088150109364360e+05
1.384978704187638359e+05
1.383870441039737489e+05
1.382763781355819665e+05
1.381658749894796347e+05
1.380555120292867941e+05
1.379452661509783647e+05
1.378351141771660186e+05
1.377250328568629047e+05
1.376149988807131012e+05
1.375049895755423640e+05
1.373949831885794119e+05
1.372849579720887996e+05
1.371748921097590646e+05
1.370647637166960922e+05
1.369545508834680659e+05
1.368442515891196381e+05
1.367339152702124557e+05
1.366235997005326499e+05
1.365133628338965937e+05
1.364032628044977027e+05
1.362933579274943331e+05
1.361836886505768634e+05
1.360742225839727034e+05
1.359649088015606685e+05
1.358556962171963241e+05
1.357465335841158521e+05
1.356373694945171592e+05
1.355281600629549357e+05
1.354189010997384903e+05
1.353096012711264775e+05
1.352002692767800472e+05
1.350909138434082852e+05
1.349815437247708905e+05
1.348721702961474366e+05
1.347628192514984694e+05
1.346535212536233012e+05
1.345443070643409737e+05
1.344352075404553034e+05
1.343262536340487422e+05
1.342174647192391858e+05
1.341088046922622889e+05
1.340002208379153162e+05
1.338916602739835507e+05
1.337830699535696767e+05
1.336743966673157702e+05
1.335656068386436964e+05
1.334567347156553296e+05
1.333478292097124795e+05
1.332389393830400368e+05
1.331301144487937272e+05
1.330214036426740640e+05
1.329128363973781816e+05
1.328044008388320217e+05
1.326960799094535469e+05
1.325878564985530393e+05
1.324797134421604278e+05
1.323716334889825084e+05
1.322635984140337969e+05
1.321555889297564863e+05
1.320475856377288583e+05
1.319395690795161063e+05
1.318315197366385255e+05
1.317234220601863926e+05
1.316152939739882713e+05
1.315071700817082310e+05
1.313990852120282652e+05
1.312910742998464557e+05
1.311831723663437588e+05
1.310753978338668530e+05
1.309677221739223896e+05
1.308601085629793088e+05
1.307525200643462013e+05
1.306449196279787138e+05
1.305372719475947088e+05
1.304295778820926353e+05
1.303218713213260635e+05
1.302141874628776277e+05
1.301065616111199633e+05
1.299990291773802310e+05
1.298916146923157357e+05
1.297842999515858246e+05
1.296770562709241931e+05
1.295698548783446895e+05
1.294626669139613514e+05
1.293554648289258621e+05
1.292482482587704581e+05
1.291410416361737443e+05
1.290338703699214529e+05
1.289267599453847797e+05
1.288197359093624982e+05
1.287128125444425677e+05
1.286059727275282203e+05
1.284991938769851986e+05
1.283924533423957182e+05
1.282857284044359258e+05
1.281789996016556397e+05
1.280722755440551409e+05
1.279655790106804052e+05
1.278589329557990422e+05
1.277523604024612432e+05
1.276458828257353598e+05
1.275394746007706563e+05
1.274330565272589592e+05
1.273265462789220037e+05
1.272198612824017182e+05
1.271129190609736252e+05
1.270057126133287820e+05
1.268984054618203809e+05
1.267911849385699898e+05
1.266842389314136381e+05
1.265777558867994376e+05
1.264718592219903221e+05
1.263664044894088729e+05
1.262611782508527976e+05
1.261559664250136848e+05
1.260505542851284408e+05
1.259447609239676385e+05
1.258386338482253632e+05
1.257323140551532415e+05
1.256259432363641390e+05
1.255196635038733657e+05
1.254136036057282472e+05
1.253077642353726842e+05
1.252020761818831961e+05
1.250964693290222494e+05
1.249908733516515495e+05
1.248852233722877427e+05
1.247795193791733182e+05
1.246738030101262411e+05
1.245681167049596406e+05
1.244625030286607944e+05
1.243570006499512820e+05
1.242516010432503826e+05
1.241462648635373189e+05
1.240409521240911708e+05
1.239356227197187400e+05
1.238302412685437303e+05
1.237248223307579028e+05
1.236194100667798921e+05
1.235140491493737936e+05
1.234087843821818387e+05
1.233036526335173257e+05
1.231986279314247367e+05
1.230936546519767144e+05
1.229886768364629388e+05
1.228836383616359817e+05
1.227784991774111550e+05
1.226733048145901412e+05
1.225681291066463600e+05
1.224630461190444039e+05
1.223581301159856666e+05
1.222534199470319290e+05
1.221488437324496481e+05
1.220443078909299511e+05
1.219397185671804618e+05
1.218349824928385642e+05
1.217300750227820390e+05
1.216250895894613495e+05
1.215201315122052183e+05
1.214153064151142462e+05
1.213107145035882859e+05
1.212063543175840023e+05
1.211021366065111069e+05
1.209979689943485428e+05
1.208937588362206734e+05
1.207894296811115200e+05
1.206850061127304361e+05
1.205805512563558150e+05
1.204761284934363066e+05
1.203718012075257138e+05
1.202675962594563025e+05
1.201634593878671003e+05
1.200593252957666555e+05
1.199551284977941250e+05
1.198508081880608952e+05
1.197463803463948716e+05
1.196419224407434958e+05
1.195375138720059185e+05
1.194332342675623222e+05
1.193291446328510356e+05
1.192252323426478833e+05
1.191214666735659266e+05
1.190178168138401525e+05
1.189142516005846846e+05
1.188107328249295824e+05
1.187072146555222425e+05
1.186036507560683094e+05
1.184999946578668605e+05
1.183962150923449954e+05
1.182923476310389378e+05
1.181884462043651438e+05
1.180845648960654653e+05
1.179807568327819172e+05
1.178770512394763500e+05
1.177734541583509417e+05
1.176699706968231330e+05
1.175666059668138187e+05
1.174633486721541703e+05
1.173601373377947602e+05
1.172569007763776463e+05
1.171535675990622112e+05
1.170500765336009063e+05
1.169464710792031838e+05
1.168428560696931672e+05
1.167393373962006008e+05
1.166360197356878925e+05
1.165329317017487338e+05
1.164299911411790672e+05
1.163271069630580168e+05
1.162241878221422085e+05
1.161211668367207312e+05
1.160180629709746863e+05
1.159149139466658526e+05
1.158117575909764564e+05
1.157086305599525222e+05
1.156055591941781022e+05
1.155025648229392245e+05
1.153996688001790462e+05
1.152968900407862384e+05
1.151941966120821162e+05
1.150915089742922864e+05
1.149887455478915654e+05
1.148858258121968829e+05
1.147827527963296452e+05
1.146796634298999124e+05
1.145767070207318029e+05
1.144740331153460866e+05
1.143717089332703763e+05
1.142695865699064743e+05
1.141674831364804268e+05
1.140652152370035910e+05
1.139626582558811206e+05
1.138599191524155904e+05
1.137571618809552165e+05
1.136545508449386543e+05
1.135522162808034191e+05
1.134500997127434821e+05
1.133480782747606863e+05
1.132460287103164155e+05
1.131438448881773074e+05
1.130415402430652321e+05
1.129391785660544265e+05
1.128368239948318515e+05
1.127345328970117262e+05
1.126322984841902362e+05
1.125300836677703774e+05
1.124278510697039601e+05
1.123255690916917665e+05
1.122232545064219012e+05
1.121209479717557406e+05
1.120186904210269131e+05
1.119165211717407947e+05
1.118144663698353106e+05
1.117125460695928195e+05
1.116107803452585358e+05
1.115091763554864156e+05
1.114076554353780521e+05
1.113061038251322898e+05
1.112044073572574998e+05
1.111024839705451886e+05
1.110004177546291612e+05
1.108983462581792846e+05
1.107964074201677577e+05
1.106947012737423211e+05
1.105931861795727018e+05
1.104917874901659961e+05
1.103904303804056399e+05
1.102890479016641766e+05
1.101875929199704260e+05
1.100860212156797934e+05
1.099842896266818570e+05
1.098824265039526363e+05
1.097805720119281905e+05
1.096788763788308861e+05
1.095774822354217322e+05
1.094763708980111842e+05
1.093753733330946852e+05
1.092743143536262651e+05
1.091730387967791321e+05
1.090715696487949608e+05
1.089700220048808114e+05
1.088685120255270594e+05
1.087671256298337103e+05
1.086658284507185745e+05
1.085645563151049864e+05
1.084632454694792395e+05
1.083618841175866546e+05
1.082605528162417759e+05
1.081593418057843373e+05
1.080583344003978709e+05
1.079575029856095789e+05
1.078567322035221732e+05
1.077559040158664138e+05
1.076549268101592897e+05
1.075538441981139040e+05
1.074527427093273145e+05
1.073517084243173886e+05
1.072507645707376214e+05
1.071498215390790283e+05
1.070487777661397267e+05
1.069475460993891465e+05
1.068462101782261016e+05
1.067449644236623863e+05
1.066440055692607129e+05
1.065434412518778408e+05
1.064430962994321599e+05
1.063427393188876740e+05
1.062421468644951528e+05
1.061412782882775064e+05
1.060402692514930095e+05
1.059392629044382047e+05
1.058383797539382940e+05
1.057376421199667529e+05
1.056370460274049983e+05
1.055365867841408326e+05
1.054362401335308095e+05
1.053359601623029594e+05
1.052356997249959823e+05
1.051354154148626694e+05
1.050350804594528454e+05
1.049346725595465105e+05
1.048341714725370402e+05
1.047336042615750775e+05
1.046330447531217942e+05
1.045325689305151318e+05
1.044322244256167178e+05
1.043319646458473144e+05
1.042317234153239988e+05
1.041314362444031867e+05
1.040310619262159598e+05
1.039305752402625512e+05
1.038299517196167581e+05
1.037292282069756766e+05
1.036285612939614948e+05
1.035281217697524407e+05
1.034280383889005898e+05
1.033281952373850945e+05
1.032283884263436485e+05
1.031284214136333612e+05
1.030282601164755906e+05
1.029280228547522565e+05
1.028278338273808622e+05
1.027277603627130011e+05
1.026277428027460119e+05
1.025277042040511878e+05
1.024275815959593601e+05
1.023273901419256727e+05
1.022271719473963312e+05
1.021269707918814966e+05
1.020268529118321312e+05
1.019269015118506504e+05
1.018271982132461417e+05
1.017277071056468267e+05
1.016282172413848020e+05
1.015285030518280109e+05
1.014284442569220992e+05
1.013282302928665740e+05
1.012281075144731294e+05
1.011282744956797105e+05
1.010286594645776058e+05
1.009290962730481406e+05
1.008294318913184543e+05
1.007296596919050498e+05
1.006298625553431630e+05
1.005301210251647572e+05
1.004304322328173293e+05
1.003307118495517207e+05
1.002308735945322842e+05
1.001309167635659687e+05
1.000309673514411261e+05
9.993116152058282751e+04
9.983157621180292335e+04
9.973216000277239073e+04
9.963284460281544307e+04
9.953355675906015676e+04
9.943420857203440391e+04
9.933470921884862764e+04
9.923500319561814831e+04
9.913518014687155664e+04
9.903536705111326592e+04
9.893567734992252372e+04
9.883615282512686099e+04
9.873681205069847056e+04
9.863765379397515790e+04
9.853855379830664606e+04
9.843934042192586639e+04
9.833987671647088428e+04
9.824027551094185037e+04
9.814075821309007006e+04
9.804150977758942463e+04
9.794243100843946740e+04
9.784329164130623394e+04
9.774389250824871124e+04
9.764428600822786393e+04
9.754464300413637829e+04
9.744512093807924248e+04
9.734576966912424541e+04
9.724659045538501232e+04
9.714757227965156198e+04
9.704862406003396609e+04
9.694962185877515003e+04
9.685046723382628988e+04
9.675120915193291148e+04
9.665194897457565821e+04
9.655276804089776124e+04
9.645365315696947800e+04
9.635456351175125747e+04
9.625546885726039181e+04
9.615637709188945882e+04
9.605730465532834933e+04
9.595824670735826658e+04
9.585914152026154625e+04
9.575991854205299751e+04
9.566058446941345755e+04
9.556129288996438845e+04
9.546221095061826054e+04
9.536337714261750807e+04
9.526465915358393977e+04
9.516591567586953170e+04
9.506706177266516897e+04
9.496806240555467957e+04
9.486889876776590245e+04
9.476969312383826764e+04
9.467064714886568254e+04
9.457190917437433382e+04
9.447333787185816618e+04
9.437469587639014935e+04
9.427583359752668184e+04
9.417685892818505818e+04
9.407792527618579334e+04
9.397909247502341168e+04
9.388027211758508929e+04
9.378136884840141283e+04
9.368239771209367609e+04
9.358346782155473193e+04
9.348467134227517818e+04
9.338595809747862222e+04
9.328721640506378026e+04
9.318837870913853112e+04
9.308951718104824249e+04
9.299073043617128860e+04
9.289206517800324946e+04
9.279349316291091964e+04
9.269497457059111912e+04
9.259640170528834278e+04
9.249762210891800351e+04
9.239855467637591937e+04
9.229943494858800841e+04
9.220058303474962304e+04
9.210212674035898817e+04
9.200386694223569066e+04
9.190557996652118163e+04
9.180713836537799216e+04
9.170848124623653712e+04
9.160959523044183152e+04
9.151065382293278526e+04
9.141187521561430185e+04
9.131334800463788270e+04
9.121497905218636151e+04
9.111666248097961943e+04
9.101830071850278182e+04
9.091980044513021130e+04
9.082113298404451052e+04
9.072243380499319755e+04
9.062385490068522631e+04
9.052539075900106400e+04
9.042690462265351380e+04
9.032829785560903838e+04
9.022964074834831990e+04
9.013104416216225945e+04
9.003256544299190864e+04
8.993419948167742405e+04
8.983592540785117308e+04
8.973765559480649245e+04
8.963928119931637775e+04
8.954076948900712887e+04
8.944219592608559469e+04
8.934364009135634115e+04
8.924515494051601854e+04
8.914678177967948432e+04
8.904848898598518281e+04
8.895013632362154021e+04
8.885160929720138665e+04
8.875300806287133310e+04
8.865451222398594837e+04
8.855618743718476617e+04
8.845794261213048594e+04
8.835968714592205652e+04
8.826139214677934069e+04
8.816304947806951532e+04
8.806467636056359333e+04
8.796631776431642356e+04
8.786799331420610542e+04
8.776962340822773695e+04
8.767111678581610613e+04
8.757255075324595964e+04
8.747413102025628905e+04
8.737596004367612477e+04
8.727789574287718278e+04
8.717977587223006412e+04
8.708154707117131329e+04
8.698320715138156083e+04
8.688477913636299490e+04
8.678631863773432269e+04
8.668788881948152266e+04
8.658957266205239284e+04
8.649144433674956963e+04
8.639341592669097008e+04
8.629529404871247243e+04
8.619699635630693228e+04
8.609862956044571183e+04
8.600029710293981771e+04
8.590200734635858680e+04
8.580374083941087883e+04
8.570546024849996320e+04
8.560711686592908518e+04
8.550873508639841748e+04
8.541045639318702160e+04
8.531236896626920498e+04
8.521431830257721595e+04
8.511611658243655984e+04
8.501781082419787708e+04
8.491957442882856412e+04
8.482143806382516050e+04
8.472326278119125345e+04
8.462495432068692753e+04
8.452655201581034635e+04
8.442811996209603967e+04
8.432974662442979752e+04
8.423151925991296594e+04
8.413341420477554493e+04
8.403533532933385868e+04
8.393720589863280475e+04
8.383897468909618328e+04
8.374062179212352203e+04
8.364219489732563670e+04
8.354376174972076842e+04
8.344543568290350959e+04
8.334732256724585022e+04
8.324936812233389355e+04
8.315144200200325577e+04
8.305344348311441718e+04
8.295529851742542814e+04
8.285701528529805364e+04
8.275871063505636994e+04
8.266046897025655198e+04
8.256228891722668777e+04
8.246412800786955631e+04
8.236584116894715407e+04
8.226732496611234092e+04
8.216882170014790609e+04
8.207064128703293682e+04
8.197267222133534960e+04
8.187460758785254438e+04
8.177638705832821142e+04
8.167812768692664395e+04
8.157988381581260182e+04
8.148164293116328190e+04
8.138338712205876072e+04
8.128509544435246789e+04
8.118677574900303443e+04
8.108848723717014946e+04
8.099025964085121814e+04
8.089204265704314457e+04
8.079379079992516199e+04
8.069550549791658705e+04
8.059719935603922931e+04
8.049889466422935948e+04
8.040061347855532949e+04
8.030236690811200242e+04
8.020415550882389653e+04
8.010594024158900720e+04
8.000767638074507704e+04
7.990936360755663191e+04
7.981102237843407784e+04
7.971270138623109960e+04
7.961444452772589284e+04
7.951617281070809986e+04
7.941777756130341731e+04
7.931935276210913435e+04
7.922105773819828755e+04
7.912280390671490750e+04
7.902441463335220760e+04
7.892597242914428352e+04
7.882765535507288587e+04
7.872940039819099184e+04
7.863105196433958190e+04
7.853261276923798141e+04
7.843415387136010395e+04
7.833572411965331412e+04
7.823734724155689764e+04
7.813895149104770098e+04
7.804046361234871438e+04
7.794199415557154862e+04
7.784366234595989226e+04
7.774534948960025213e+04
7.764690922257365310e+04
7.754834524319217599e+04
7.744971762371172372e+04
7.735115040544487420e+04
7.725271947574400110e+04
7.715435229404245911e+04
7.705598825634310197e+04
7.695763198961096350e+04
7.685924198951903963e+04
7.676070204476412619e+04
7.666204433381625859e+04
7.656346822824951960e+04
7.646501882879553887e+04
7.636660226031875936e+04
7.626812443087053543e+04
7.616951734181672509e+04
7.607088246909939335e+04
7.597233981948856672e+04
7.587374555425121798e+04
7.577499417984155298e+04
7.567633770244411426e+04
7.557788540769560495e+04
7.547933095194303314e+04
7.538056346089212457e+04
7.528178668901516357e+04
7.518311963820630626e+04
7.508457597381492087e+04
7.498602775765377737e+04
7.488730695204518270e+04
7.478841181301024335e+04
7.468945162147893279e+04
7.459069918809364026e+04
7.449219868742831750e+04
7.439358547580940649e+04
7.429475738692299637e+04
7.419589244593307376e+04
7.409709976240165997e+04
7.399840053881031054e+04
7.389961097386811161e+04
7.380065029433970631e+04
7.370181613327682135e+04
7.360313414899144846e+04
7.350425359056983143e+04
7.340524271733024216e+04
7.330639221566019114e+04
7.320759179207490524e+04
7.310869730893975066e+04
7.300981455417505640e+04
7.291097063723161409e+04
7.281205642385587271e+04
7.271304128847658285e+04
7.261396577817801153e+04
7.251495144868026546e+04
7.241602569595683599e+04
7.231700311797422182e+04
7.221784196415041515e+04
7.211865338515746407e+04
7.201957725337943702e+04
7.192067134984408040e+04
7.182176222875702661e+04
7.172271804586351209e+04
7.162351615651734755e+04
7.152431690406468988e+04
7.142527500959845202e+04
7.132628368670784403e+04
7.122718706867922447e+04
7.112786022791711730e+04
7.102844144824818068e+04
7.092914293008248205e+04
7.083002662497795245e+04
7.073096648114765412e+04
7.063171525980271690e+04
7.053237089477018162e+04
7.043307705456785334e+04
7.033375962928752415e+04
7.023440140764039825e+04
7.013505306357624067e+04
7.003574269179617113e+04
6.993643042090657400e+04
6.983700639134374796e+04
6.973759834715083707e+04
6.963833278203215741e+04
6.953895575956632092e+04
6.943940247366452240e+04
6.933983207534415124e+04
6.924029850581598294e+04
6.914082849072392855e+04
6.904143442987339222e+04
6.894190144751341722e+04
6.884213389873242704e+04
6.874253270881516801e+04
6.864302088624352473e+04
6.854331581613390881e+04
6.844375377030388336e+04
6.834431087502502487e+04
6.824460518117219908e+04
6.814481675724931119e+04
6.804511728706708527e+04
6.794545357806415996e+04
6.784573873284377623e+04
6.774595880430856778e+04
6.764620763332510251e+04
6.754649197843763977e+04
6.744673768238507910e+04
6.734683784222716349e+04
6.724695473407948157e+04
6.714716746692487504e+04
6.704722357655233645e+04
6.694731533725919144e+04
6.684756106955278665e+04
6.674757678119002958e+04
6.664748183584002254e+04
6.654747865953572909e+04
6.644746242736610293e+04
6.634742129848986224e+04
6.624737645017456089e+04
6.614731938646653725e+04
6.604726124708955467e+04
6.594718651566447807e+04
6.584704912944957323e+04
6.574687502624467015e+04
6.564672355761034123e+04
6.554662789749182411e+04
6.544649271139069606e+04
6.534629750534253981e+04
6.524610820831062301e+04
6.514597341012122342e+04
6.504567738214886776e+04
6.494518940402082080e+04
6.484495052474726981e+04
6.474475743932520709e+04
6.464437712902715430e+04
6.454389171677294507e+04
6.444353212319081649e+04
6.434316496962308884e+04
6.424261308803102293e+04
6.414216218382689112e+04
6.404183114716417913e+04
6.394140068006289221e+04
6.384071706071543304e+04
6.374021610754252470e+04
6.363971185323035752e+04
6.353896574548013450e+04
6.343842353406049369e+04
6.333795621837872022e+04
6.323732460674300091e+04
6.313654976964510570e+04
6.303594797011553601e+04
6.293521356598436250e+04
6.283433107470542018e+04
6.273368899792029697e+04
6.263301772025805985e+04
6.253229364368366078e+04
6.243150555978092598e+04
6.233054777114122408e+04
6.222964550427712675e+04
6.212879754546011100e+04
6.202795932585716218e+04
6.192714810798083636e+04
6.182622247326002253e+04
6.172528761376218608e+04
6.162435109115229716e+04
6.152329854544418049e+04
6.142227778061025310e+04
6.132124398131360067e+04
6.122017027250624233e+04
6.111905574407259701e+04
6.101787201921712403e+04
6.091693167961134895e+04
6.081593568632136885e+04
6.071463518699847191e+04
6.061334968762034987e+04
6.051222010915284773e+04
6.041113659133024339e+04
6.030991865972660889e+04
6.020859065163939522e+04
6.010737416476244107e+04
6.000613886502334208e+04
5.990486012123611727e+04
5.980356120546018792e+04
5.970223064139886264e+04
5.960087122520840057e+04
5.949951199287245981e+04
5.939800707399591920e+04
5.929661650037355867e+04
5.919537210305000917e+04
5.909378833142942312e+04
5.899238620552018256e+04
5.889102704415637709e+04
5.878960571254056413e+04
5.868818393587930041e+04
5.858672714463464217e+04
5.848517224471321242e+04
5.838360364768608270e+04
5.828197454786577873e+04
5.818048628969083802e+04
5.807905087189641199e+04
5.797738753294228809e+04
5.787586901732256229e+04
5.777433992040353769e+04
5.767279246291083109e+04
5.757120477807267889e+04
5.746969516644821852e+04
5.736822133635170030e+04
5.726651945304634864e+04
5.716503264810582186e+04
5.706361713295920345e+04
5.696183342254276795e+04
5.686026202583827398e+04
5.675884890925313084e+04
5.665711561416141194e+04
5.655553429185169080e+04
5.645406675931820791e+04
5.635260118065305869e+04
5.625105002227194927e+04
5.614947100722564210e+04
5.604790338765678462e+04
5.594631204886412888e+04
5.584477384336268733e+04
5.574335592787537462e+04
5.564192561527759244e+04
5.554050214323162072e+04
5.543895613908801897e+04
5.533776684416838543e+04
5.523626072240359645e+04
5.513483223274698685e+04
5.503358308588045475e+04
5.493218378637799469e+04
5.483094693687908148e+04
5.472982344915238355e+04
5.462849879572162172e+04
5.452746584775793599e+04
5.442656081836674275e+04
5.432533813113715587e+04
5.422419229921053920e+04
5.412320753707502445e+04
5.402235920731474471e+04
5.392144772123420262e+04
5.382063076545458898e+04
5.371990075720778259e+04
5.361921831721118360e+04
5.351865538336514146e+04
5.341796917597288848e+04
5.331731424697981129e+04
5.321698952580302284e+04
5.311658375651122333e+04
5.301621301814472827e+04
5.291606143851144589e+04
5.281578753529131791e+04
5.271574224511421198e+04
5.261581685602516518e+04
5.251570460175856715e+04
5.241599023744853184e+04
5.231638624748236180e+04
5.221682704877252399e+04
5.211745263499602152e+04
5.201791948957554996e+04
5.191852949002815876e+04
5.181963012786569016e+04
5.172067808183729358e+04
5.162177366061524663e+04
5.152271632501410932e+04
5.142405886551128788e+04
5.132565326102343533e+04
5.122720545978911832e+04
5.112905708628660068e+04
5.103075769770969055e+04
5.093276538972897106e+04
5.083524952495775506e+04
5.073757347531029518e+04
5.063997272679321031e+04
5.054255718383369822e+04
5.044555138630009606e+04
5.034855570199999784e+04
5.025182544665221212e+04
5.015511200389096484e+04
5.005871944601558789e+04
4.996250211177949677e+04
4.986622200879899174e+04
4.976998286247714714e+04
4.967442315805463295e+04
4.957930873269891890e+04
4.948432211027252924e+04
4.938920027667623799e+04
4.929437991160014644e+04
4.919947904951766395e+04
4.910488924201553164e+04
4.901118332450368325e+04
4.891744543199960754e+04
4.882383806095724867e+04
4.873022472958926664e+04
4.863708355402191228e+04
4.854418471588817920e+04
4.845134830977866659e+04
4.835862013700445095e+04
4.826610069617866247e+04
4.817454700302264973e+04
4.808305019313658704e+04
4.799167781560570438e+04
4.790041615400325099e+04
4.780966139113474492e+04
4.771899204396004643e+04
4.762848286976972304e+04
4.753822023574166087e+04
4.744802331472941296e+04
4.735903440260063508e+04
4.726997113016152434e+04
4.718116412036406837e+04
4.709220737348168041e+04
4.700399469400214730e+04
4.691590151512088050e+04
4.682809765853586578e+04
4.674017913310293807e+04
4.665318234089448379e+04
4.656648889712264645e+04
4.647961358344544715e+04
4.639307083239009080e+04
4.630650831515080063e+04
4.622016962849978154e+04
4.613532628344801196e+04
4.605063630956342240e+04
4.596582474448654102e+04
4.588116022578039701e+04
4.579672577609555447e+04
4.571248651969064667e+04
4.562893715002285899e+04
4.554552067022178380e+04
4.546230882467723131e+04
4.537915404539835436e+04
4.529666137576809706e+04
4.521438464723499783e+04
4.513221929901959084e+04
4.505042214978535048e+04
4.496902360243147268e+04
4.488764324565952120e+04
4.480629025822418771e+04
4.472565498283822672e+04
4.464542686749403947e+04
4.456520010963517416e+04
4.448505874212095659e+04
4.440528811451189540e+04
4.432611598171554942e+04
4.424699677553430229e+04
4.416779136226925038e+04
4.408899811717731063e+04
4.401014116204644961e+04
4.393228046933834412e+04
4.385448178150474996e+04
4.377661821868598054e+04
4.369901626677768945e+04
4.362153189293042669e+04
4.354463620418133360e+04
4.346756592923375865e+04
4.339081258215239359e+04
4.331428115750648431e+04
4.323791797279319871e+04
4.316185266301008960e+04
4.308591367548667040e+04
4.300999440090323333e+04
4.293429751510202186e+04
4.285898418982652220e+04
4.278378343151728768e+04
4.270858681761790649e+04
4.263373946500322927e+04
4.255888780583196058e+04
4.248423036472373497e+04
4.240963102390859422e+04
4.233525482919715432e+04
4.226088218783408229e+04
4.218679930386070191e+04
4.211274330407357047e+04
4.203882937765034876e+04
4.196493141985652619e+04
4.189127022461705928e+04
4.181753831118707603e+04
4.174413340314579546e+04
4.167059521643651533e+04
4.159720901297817909e+04
4.152384756371012918e+04
4.145060774368765851e+04
4.137725398339189269e+04
4.130402362541679759e+04
4.123095100584755710e+04
4.115811695083339146e+04
4.108490591223702359e+04
4.101162967794651922e+04
4.093838730880734511e+04
4.086533764984762820e+04
4.079248443885819142e+04
4.071935501297422888e+04
4.064602441663186619e+04
4.057286623538491403e+04
4.049980860431613110e+04
4.042706279637784610e+04
4.035364327078489441e+04
4.027995517476034001e+04
4.020650722060981207e+04
4.013304194348899182e+04
4.005955342515858501e+04
3.998591203299088374e+04
3.991234294066271832e+04
3.983883418072840141e+04
3.976522131124771840e+04
3.969058969143460854e+04
3.961618950221926934e+04
3.954176208684984158e+04
3.946751778907133848e+04
3.939258491472211608e+04
3.931773879876087449e+04
3.924297461111118901e+04
3.916751737388285983e+04
3.909225242047569191e+04
3.901704825584486389e+04
3.894185296885620482e+04
3.886517713870214357e+04
3.878818702524621767e+04
3.871152101949026837e+04
3.863483654786192346e+04
3.855839045598799567e+04
3.848014904008169106e+04
3.840219441166077013e+04
3.832429599894206331e+04
3.824665664387692232e+04
3.816744073033268069e+04
3.808806338804855477e+04
3.800859772777997568e+04
3.792906828298902110e+04
3.784841938699554157e+04
3.776802966434920381e+04
3.768770469882570615e+04
3.760725703330065153e+04
3.752418329313907452e+04
3.744104018279041338e+04
3.735796183812100935e+04
3.727511280785436975e+04
3.719195212884679495e+04
3.710678771223874355e+04
3.702147697144470294e+04
3.693657657419306634e+04
3.685130475207609561e+04
3.676407168528348120e+04
3.667628112858481472e+04
3.658880152007995639e+04
3.650150567119720654e+04
3.641376419817801798e+04
3.632244405159304733e+04
3.623110418764656788e+04
3.613985070921820443e+04
3.604878136841669766e+04
3.595733892475956964e+04
3.586282149309711531e+04
3.576848348265843379e+04
3.567418084260300384e+04
3.557854236415577907e+04
3.548196591753159737e+04
3.538560675883808290e+04
3.528877983079581463e+04
3.518871866317414970e+04
3.508854560054580361e+04
3.498881870057296328e+04
3.488929678903865715e+04
3.478788308003022394e+04
3.468276313769226545e+04
3.457783117216252140e+04
3.447292688946527051e+04
3.436785088298066694e+04
3.426022698094872612e+04
3.415289423826770508e+04
3.404560923451915733e+04
3.393786922767379292e+04
3.382536148790678271e+04
3.371262595726351719e+04
3.359994370361135952e+04
3.348749649891796435e+04
3.337222549436843110e+04
3.325697077624697704e+04
3.314131352400079049e+04
3.302343824792172381e+04
3.290556793379992450e+04
3.278644197600186453e+04
3.266595253647055870e+04
3.254545581765837414e+04
3.242484748660176047e+04
3.230063536729143379e+04
3.217630801301598694e+04
3.205205085021840569e+04
3.192763617574236923e+04
3.179971530490099758e+04
3.167189814610483882e+04
3.154372523801665011e+04
3.141400787008897532e+04
3.128426954393543565e+04
3.115288129360855601e+04
3.102149162933116531e+04
3.089002413541460191e+04
3.075533886848168186e+04
3.062036847798436793e+04
3.048538000437866503e+04
3.034912142418906660e+04
3.021195744404174548e+04
3.007469943574651188e+04
2.993549315484743784e+04
2.979637513262098219e+04
2.965598364062852852e+04
2.951501855497810902e+04
2.937294625179391733e+04
2.923049328541205614e+04
2.908796926922278726e+04
2.894324030372864945e+04
2.879735733663999781e+04
2.865175481254114129e+04
2.850510607798547426e+04
2.835724474675563033e+04
2.820960731887782822e+04
2.805997073099396948e+04
2.791006414139784829e+04
2.775907787238567107e+04
2.760728377762997479e+04
2.745522621293162229e+04
2.730183713464050379e+04
2.714796859563913313e+04
2.699270460361631194e+04
2.683726402918705571e+04
2.668041004584101756e+04
2.652309718196979156e+04
2.636440445228506724e+04
2.620595079954571338e+04
2.604520176093890404e+04
2.588447462310879564e+04
2.572257168791243384e+04
2.555961464461127252e+04
2.539600030763695759e+04
2.523138308959841015e+04
2.506629599477259762e+04
2.489984163327220449e+04
2.473230860490169289e+04
2.456509159949396781e+04
2.439536714867262708e+04
2.422563107302896606e+04
2.405483803560651722e+04
2.388297835790499448e+04
2.371040258287696633e+04
2.353707592086792647e+04
2.336320794937868777e+04
2.318866878758528037e+04
2.301291454454866471e+04
2.283677679627938414e+04
2.266067416981188580e+04
2.248380105067682962e+04
2.230679515169038859e+04
2.212967966069477916e+04
2.195278324434236856e+04
2.177660971395795423e+04
2.160036336557791583e+04
2.142573336100240704e+04
2.125129044268828147e+04
2.107850171281643634e+04
2.090697730514445720e+04
2.073712742574921504e+04
2.056903690903009192e+04
2.040299584586910350e+04
2.023967226961536289e+04
2.007921496962851961e+04
1.992099118471666588e+04
1.976576683366428188e+04
1.961345209425304711e+04
1.946366857482850173e+04
1.931764259321892678e+04
1.917457383995483906e+04
1.903374745603654446e+04
1.889697349527877668e+04
1.876175570107595195e+04
1.863036688691605013e+04
1.850047978666658673e+04
1.837347261332067137e+04
1.824824388405536956e+04
1.812472115767972718e+04
1.800266076131074442e+04
1.788203885884279953e+04
1.776234815108378098e+04
1.764353580394054370e+04
1.752526044192732661e+04
1.740728083839563988e+04
1.728935615846681685e+04
1.717121564382419820e+04
1.705207512539797244e+04
1.693123881658640312e+04
1.680951647508574388e+04
1.668640871654963848e+04
1.656128350786168448e+04
1.643236330727469976e+04
1.630023993128694929e+04
1.616449725380187738e+04
1.602437681309583058e+04
1.587960530425781326e+04
1.572705210263413574e+04
1.556804632812939053e+04
1.540241328058812906e+04
1.522941573398397304e+04
1.504826795214906815e+04
1.485763565322958493e+04
1.466157195895594305e+04
1.446100207041671820e+04
1.425792922814851590e+04
1.405527464443039025e+04
1.385654223417484900e+04
1.366266332621607216e+04
1.347519321378148743e+04
1.329577615097266062e+04
1.312639642447284859e+04
1.296524261497722000e+04
1.281232062128047801e+04
1.266670457772521695e+04
1.252919005591021596e+04
1.239723561556108871e+04
1.227209681192070093e+04
1.215162908063395480e+04
1.203599775425338885e+04
1.192448931822873237e+04
1.181660727057187614e+04
1.171144765729025312e+04
1.160985342057626622e+04
1.151026593779579343e+04
1.141261093927670663e+04
1.131679951162809266e+04
1.122215127260113877e+04
1.112857170608493834e+04
1.103572424942514772e+04
1.094334194916542037e+04
1.085114207427392648e+04
1.075881765655784875e+04
1.066616905771723214e+04
1.057239587375697010e+04
1.047766784774498228e+04
1.038190267009945092e+04
1.028421802855082205e+04
1.018334058346993879e+04
1.008056545636381634e+04
9.973748452922760407e+03
9.862647205663994100e+03
9.746732765110673427e+03
9.624653019849374687e+03
9.492423391426455055e+03
9.352559552414395512e+03
9.198408430259771194e+03
9.025591819162504180e+03
8.831600394231136306e+03
8.599988174143274591e+03
8.315672303234085120e+03
7.934634016260948556e+03
7.328614738176864194e+03
5.969387733038362057e+03
5.222657909280976128e+03
4.849789239262623596e+03
4.538618100866748136e+03
4.229101317120179374e+03
3.913931465950696293e+03
3.358280223645844217e+03
3.122990183845528918e+03
3.109610391582504690e+03
3.098543050940556441e+03
3.088876426972685749e+03
3.080153416276406915e+03
3.072129725443377083e+03
3.064652425045251221e+03
3.057607442456955596e+03
3.050949252230564980e+03
3.044585263481147649e+03
3.038497062937981809e+03
3.032636148601441164e+03
3.026975166338642339e+03
3.021510798725875247e+03
3.016199626590147545e+03
3.011044353523419886e+03
3.006020488579634730e+03
3.001128537530184531e+03
2.996341960552899764e+03
2.991665995195516189e+03
2.987086425202933697e+03
2.982608964682463920e+03
2.978207030773352471e+03
2.973879693374834460e+03
2.969638390946072377e+03
2.965461351055497289e+03
2.961354556527514887e+03
2.957314922073706384e+03
2.953334830673436045e+03
2.949408995207505086e+03
2.945541054764366891e+03
2.941726811365769208e+03
2.937952414152698111e+03
2.934233389568826624e+03
2.930549982435473339e+03
2.926920371792477908e+03
2.923329882656214068e+03
2.919775947605136025e+03
2.916264290979339421e+03
2.912793104340228638e+03
2.909355624236711719e+03
2.905951992488509859e+03
2.902580645931999243e+03
2.899242530704442288e+03
2.895935836013961307e+03
2.892659578790713567e+03
2.889404755722649952e+03
2.886190705364125279e+03
2.882999128673650375e+03
2.879828917517494574e+03
2.876694337484900643e+03
2.873578782555717680e+03
2.870488644839989774e+03
2.867422408696815182e+03
2.864375515318231919e+03
2.861352514225563027e+03
2.858349844774268149e+03
2.855381117317218923e+03
2.852426145673133760e+03
2.849483964259800359e+03
2.846567856102416499e+03
2.843672456399331168e+03
2.840792247341908023e+03
2.837929423777449756e+03
2.835097017056928507e+03
2.832268505568440560e+03
2.829464549125121266e+03
2.826673581993145035e+03
2.823892705863465380e+03
2.821140043345389131e+03
2.818399989917613766e+03
2.815671345188035957e+03
2.812964926737296537e+03
2.810266357277555471e+03
2.807582170681505431e+03
2.804919251629688461e+03
2.802261600388329498e+03
2.799621435998604284e+03
2.797002627698658671e+03
2.794386418208972373e+03
2.791789977568331324e+03
2.789208075967967943e+03
2.786634069886046291e+03
2.784067055377647648e+03
2.781519513473023380e+03
2.778984788194287376e+03
2.776457304922911135e+03
2.773941870085809569e+03
2.771445679459141957e+03
2.768950339337107835e+03
2.766469462726587153e+03
2.764000973126578174e+03
2.761543044264669334e+03
2.759092122410790125e+03
2.756651005591475041e+03
2.754228776868007571e+03
2.751808839395397172e+03
2.749403462328889418e+03
2.747003553974466740e+03
2.744615233086498847e+03
2.742233164789230159e+03
2.739866639694810601e+03
2.737505437981785235e+03
2.735155821984395516e+03
2.732813252714920964e+03
2.730478582216558152e+03
2.728151875480727540e+03
2.725841107877974537e+03
2.723533350111689288e+03
2.721228342332700777e+03
2.718939264961750268e+03
2.716661534359798679e+03
2.714379854465327753e+03
2.712113086877197020e+03
2.709853471433715185e+03
2.707601894719508437e+03
2.705358384068846135e+03
2.703118311163950239e+03
2.700894186563876247e+03
2.698675762157305144e+03
2.696455235673015068e+03
2.694251771995400304e+03
2.692052254474854635e+03
2.689855885757901888e+03
2.687679814595574044e+03
2.685493821534339986e+03
2.683325315462562230e+03
2.681157565625460393e+03
2.678996828692113013e+03
2.676846722369401050e+03
2.674697683114827669e+03
2.672558139112145000e+03
2.670427189433301010e+03
2.668300946552009918e+03
2.666186577847529406e+03
2.664073172280937797e+03
2.661959976125895537e+03
2.659863743836803678e+03
2.657766958637625066e+03
2.655673923666307019e+03
2.653591445598111477e+03
2.651512116665250232e+03
2.649438030556911144e+03
2.647374182218399255e+03
2.645312071926704903e+03
2.643255169488786578e+03
2.641200019822850209e+03
2.639154951461191558e+03
2.637122901062458823e+03
2.635085028649566084e+03
2.633059114924891674e+03
2.631035024090708248e+03
2.629014975698414673e+03
2.627004997899294722e+03
2.624990639318789363e+03
2.622995640360112247e+03
2.620993326476088441e+03
2.619000678755517129e+03
2.617012395994244798e+03
2.615035255240948572e+03
2.613053989262319647e+03
2.611080466725758015e+03
2.609107643811032176e+03
2.607151712661338024e+03
2.605191706263025480e+03
2.603232440981903892e+03
2.601289373679140226e+03
2.599337714627939476e+03
2.597402442269896710e+03
2.595465349982548105e+03
2.593527236866438670e+03
2.591606307613423724e+03
2.589682549785610263e+03
2.587761741107344733e+03
2.585853216376136061e+03
2.583943190171712558e+03
2.582038031213849990e+03
2.580135505346050650e+03
2.578240448664691485e+03
2.576341675439310166e+03
2.574452294752203670e+03
2.572574838436996743e+03
2.570689470617032839e+03
2.568815044897984990e+03
2.566942926973303656e+03
2.565072887910579539e+03
2.563203100737251589e+03
2.561349206824157591e+03
2.559493517893149601e+03
2.557635206742070295e+03
2.555789757647576607e+03
2.553940083678211067e+03
2.552104193294503148e+03
2.550267161906740512e+03
2.548427614207692386e+03
2.546604728566823724e+03
2.544769875271024830e+03
2.542950228967828025e+03
2.541130269574335671e+03
2.539315544500553642e+03
2.537500356995348739e+03
2.535693019842370632e+03
2.533887790204519661e+03
2.532087150797966842e+03
2.530284488181756387e+03
2.528499237574342715e+03
2.526698045689870924e+03
2.524912416338546791e+03
2.523126053348303230e+03
2.521352479696730825e+03
2.519574094456955663e+03
2.517799958464177053e+03
2.516022557081407740e+03
2.514256184200130065e+03
2.512492849472544549e+03
2.510728121214172461e+03
2.508973960500067278e+03
2.507225531670094369e+03
2.505464724395460053e+03
2.503720070265389040e+03
2.501974328687688285e+03
2.500226983347426085e+03
2.498495021821596765e+03
2.496751500466903053e+03
2.495021674455501397e+03
2.493290446311222695e+03
2.491568135624373099e+03
2.489844121467472633e+03
2.488117360429358541e+03
2.486408106805572515e+03
2.484683567373692313e+03
2.482974934470177686e+03
2.481267601169355657e+03
2.479556328344218400e+03
2.477860682679860020e+03
2.476153304136599218e+03
2.474460798669249471e+03
2.472767629189168474e+03
2.471073049160514074e+03
2.469380883468544198e+03
2.467691914652161813e+03
2.466016515627649824e+03
2.464330096899793716e+03
2.462649502742554887e+03
2.460976113256017015e+03
2.459299489894780891e+03
2.457631599406182431e+03
2.455965247100618853e+03
2.454299049131715037e+03
2.452644144035555200e+03
2.450984406828129522e+03
2.449320637048007029e+03
2.447674433570957717e+03
2.446020706044912913e+03
2.444367889837221810e+03
2.442724356116214949e+03
2.441080193229094220e+03
2.439437220424427323e+03
2.437805432398622543e+03
2.436168466184645695e+03
2.434528358497590034e+03
2.432895694256213119e+03
2.431270884377826860e+03
2.429646242982114472e+03
2.428016940368303949e+03
2.426400132464114904e+03
2.424782820884052398e+03
2.423167258584515366e+03
2.421552890303047661e+03
2.419939976159212620e+03
2.418332161180754156e+03
2.416720693875719462e+03
2.415115990858711484e+03
2.413518592981010897e+03
2.411918617457509754e+03
2.410314203252130483e+03
2.408726885060922086e+03
2.407128753674774543e+03
2.405545357917185811e+03
2.403951700953115960e+03
2.402370454957147558e+03
2.400780823797958874e+03
2.399203940950927972e+03
2.397629038545728690e+03
2.396048163436645609e+03
2.394474198682239148e+03
2.392899521597302737e+03
2.391328896671415350e+03
2.389758004078959402e+03
2.388190155808701547e+03
2.386631265396124491e+03
2.385074193720921812e+03
2.383512791005231065e+03
2.381954432546017415e+03
2.380399586106686456e+03
2.378844381130910733e+03
2.377294737451084984e+03
2.375742948395955864e+03
2.374197930751100102e+03
2.372651633897691227e+03
2.371112080195873205e+03
2.369569916991751143e+03
2.368034326234595483e+03
2.366499068847595936e+03
2.364965515619797770e+03
2.363436454013366983e+03
2.361904580249110495e+03
2.360373609208502785e+03
2.358848264375529652e+03
2.357321246355278618e+03
2.355800134688442085e+03
2.354277932809526646e+03
2.352761558384157524e+03
2.351248415214589386e+03
2.349733606293074445e+03
2.348224733378138353e+03
2.346715375355056494e+03
2.345204033203894596e+03
2.343698671345811363e+03
2.342195248339984119e+03
2.340689420896073898e+03
2.339185547967056664e+03
2.337687990070110118e+03
2.336195025316432293e+03
2.334703725516141276e+03
2.333212130336153223e+03
2.331717922658046973e+03
2.330224414534440712e+03
2.328738332937640280e+03
2.327249942646835279e+03
2.325766451379718092e+03
2.324287369876694356e+03
2.322806161535411320e+03
2.321325046617560474e+03
2.319849545604356990e+03
2.318375163744398833e+03
2.316903235443979156e+03
2.315436165823048668e+03
2.313969093054447512e+03
2.312501873310079645e+03
2.311032994569111452e+03
2.309566403439021997e+03
2.308105706509490119e+03
2.306643193541789515e+03
2.305185950671505907e+03
2.303733567956358911e+03
2.302280153604282532e+03
2.300826472322850805e+03
2.299370645918767877e+03
2.297918531820508633e+03
2.296473550980806522e+03
2.295027233256366344e+03
2.293579317562597225e+03
2.292134983668161112e+03
2.290696569508187622e+03
2.289258188882145532e+03
2.287818347114151038e+03
2.286380983691584333e+03
2.284949682173677047e+03
2.283519451996939551e+03
2.282089324852261143e+03
2.280658810054783316e+03
2.279227083929793480e+03
2.277802776673114749e+03
2.276379271068111393e+03
2.274948391965008341e+03
2.273529818668749158e+03
2.272115657770649705e+03
2.270693890518423814e+03
2.269272186663471985e+03
2.267856174307201854e+03
2.266444468302521273e+03
2.265031867398484792e+03
2.263624058434640574e+03
2.262218880302792968e+03
2.260809000166312217e+03
2.259402330175588759e+03
2.258000359695205134e+03
2.256598534473957443e+03
2.255197020842208985e+03
2.253795615293325682e+03
2.252394848052027100e+03
2.250999535670506248e+03
2.249608727967473897e+03
2.248217937057065683e+03
2.246826895174304354e+03
2.245436482206784149e+03
2.244047590222497547e+03
2.242660116469847253e+03
2.241272560326845905e+03
2.239883838761543302e+03
2.238500211711250813e+03
2.237122936951048359e+03
2.235744907982859786e+03
2.234367066412148688e+03
2.232991679391186608e+03
2.231616679397451662e+03
2.230242255438970460e+03
2.228869334864418761e+03
2.227495588189036880e+03
2.226123399240061644e+03
2.224758812512941404e+03
2.223394466194100914e+03
2.222025199238569712e+03
2.220660143523415172e+03
2.219300591761444139e+03
2.217941677396471277e+03
2.216583222363182358e+03
2.215225717851353693e+03
2.213868685605724295e+03
2.212512736550665522e+03
2.211158803549478762e+03
2.209806022162377303e+03
2.208453583398407773e+03
2.207101686519598843e+03
2.205752976894460971e+03
2.204409947175102388e+03
2.203066362200408093e+03
2.201719205253529708e+03
2.200376961633976862e+03
2.199039139162632182e+03
2.197697060916438204e+03
2.196355599101418647e+03
2.195021561180588378e+03
2.193686646861463032e+03
2.192347322776918645e+03
2.191012827077292059e+03
2.189684302477191068e+03
2.188355643509313268e+03
2.187027565012161631e+03
2.185702365867264234e+03
2.184375624690101176e+03
2.183045520462760123e+03
2.181719025987466011e+03
2.180398500802554736e+03
2.179079525713819294e+03
2.177761040720386518e+03
2.176444342681980288e+03
2.175127318528437627e+03
2.173807679802705024e+03
2.172489451703148916e+03
2.171176363214694902e+03
2.169866376428003605e+03
2.168557640223882572e+03
2.167250457460653251e+03
2.165943792260546616e+03
2.164634827341290475e+03
2.163325499496551856e+03
2.162021625722881708e+03
2.160720963460271378e+03
2.159416765736372327e+03
2.158112491907320418e+03
2.156815223038013301e+03
2.155520365963893255e+03
2.154220933746776154e+03
2.152922197452368437e+03
2.151630705008155928e+03
2.150341610230986589e+03
2.149049178204763393e+03
2.147755307469808031e+03
2.146463340014069672e+03
2.145175761136328219e+03
2.143893177493432631e+03
2.142611270626072837e+03
2.141327008085700527e+03
2.140043264098455438e+03
2.138762044455483192e+03
2.137480369954361777e+03
2.136196491328070806e+03
2.134914243150848051e+03
2.133636897030594810e+03
2.132363408251283545e+03
2.131091704047475559e+03
2.129818905057733900e+03
2.128543637074927574e+03
2.127270456897812437e+03
2.126003376792432846e+03
2.124738526344705406e+03
2.123471136477061918e+03
2.122202593952695224e+03
2.120935936803601180e+03
2.119671885688022940e+03
2.118410054544740433e+03
2.117148641136285278e+03
2.115885385660164957e+03
2.114622075328400570e+03
2.113363198429020031e+03
2.112108683247132376e+03
2.110853956163820385e+03
2.109597285524848758e+03
2.108341209515964238e+03
2.107087526847079971e+03
2.105835796688268601e+03
2.104585416351934327e+03
2.103336193852365341e+03
2.102088147664096141e+03
2.100842007923613892e+03
2.099598561490178781e+03
2.098356500232147937e+03
2.097113343097210418e+03
2.095868900140670576e+03
2.094625366774517261e+03
2.093384090176571135e+03
2.092144638968350137e+03
2.090906629144899853e+03
2.089670541251195573e+03
2.088436814220264296e+03
2.087204066652631354e+03
2.085970179969943274e+03
2.084735295208967727e+03
2.083501668458006407e+03
2.082270594900569904e+03
2.081041331964745495e+03
2.079813164814739594e+03
2.078586581152079816e+03
2.077362285880068157e+03
2.076139431280616463e+03
2.074916144079546484e+03
2.073691938171001311e+03
2.072468538953208736e+03
2.071247365510456802e+03
2.070027773274258379e+03
2.068808684559170160e+03
2.067590274828727161e+03
2.066373584502802714e+03
2.065159163741257544e+03
2.063946639996048816e+03
2.062735351905010702e+03
2.061523565161841361e+03
2.060309321127532257e+03
2.059094361550894064e+03
2.057884201113947711e+03
2.056681674893723539e+03
2.055480560865037205e+03
2.054273560830156384e+03
2.053062702429519049e+03
2.051856440470236976e+03
2.050658534818145199e+03
2.049461992864165495e+03
2.048259404376774910e+03
2.047053125155765201e+03
2.045850791162061569e+03
2.044655785932396384e+03
2.043463257252979474e+03
2.042268109908775386e+03
2.041071081112999991e+03
2.039875810056500313e+03
2.038684221260010645e+03
2.037494810366807769e+03
2.036305816000723098e+03
2.035116914406767592e+03
2.033928591410956187e+03
2.032741074379569227e+03
2.031553935899657745e+03
2.030366737381202256e+03
2.029180315171701295e+03
2.027996469175418952e+03
2.026816082082242247e+03
2.025636554312808585e+03
2.024454578957759850e+03
2.023270309755831022e+03
2.022088106894109615e+03
2.020911747816056277e+03
2.019739014914257268e+03
2.018565106204392805e+03
2.017387770698344866e+03
2.016210796895015164e+03
2.015038630160610410e+03
2.013871255734889246e+03
2.012704522350472644e+03
2.011534884489897422e+03
2.010363555846124200e+03
2.009193561557498015e+03
2.008026644692498621e+03
2.006861383927242059e+03
2.005695935905996748e+03
2.004530049320197350e+03
2.003365218172311188e+03
2.002202819034725053e+03
2.001042364865569198e+03
1.999882393301351613e+03
1.998721853924553443e+03
1.997561409204085976e+03
1.996402153994725495e+03
1.995244830353733278e+03
1.994089469151644835e+03
1.992936001783484699e+03
1.991783956199394879e+03
1.990632414126960384e+03
1.989480518290773261e+03
1.988328454767986159e+03
1.987177099898002325e+03
1.986027261285433042e+03
1.984879210187330500e+03
1.983733006466007737e+03
1.982588485662968424e+03
1.981444601845948227e+03
1.980300090386912416e+03
1.979154583451823783e+03
1.978010043463066950e+03
1.976868793892710300e+03
1.975731351130720896e+03
1.974594918245157260e+03
1.973456385796315544e+03
1.972315020522678651e+03
1.971173433187271939e+03
1.970034428865289783e+03
1.968898989337631065e+03
1.967766071615486226e+03
1.966634533274542264e+03
1.965503426111434010e+03
1.964371983913301619e+03
1.963239522368940015e+03
1.962106696951011372e+03
1.960975298559757448e+03
1.959847028200459363e+03
1.958721510142717307e+03
1.957596710053922607e+03
1.956470677801089096e+03
1.955343573689496452e+03
1.954217216088645500e+03
1.953093379421430654e+03
1.951972268445766758e+03
1.950852793631126588e+03
1.949733864425847059e+03
1.948615213420895316e+03
1.947497332602881215e+03
1.946380714761569607e+03
1.945265087692003362e+03
1.944149356781358392e+03
1.943032414326620028e+03
1.941914440766717462e+03
1.940797335779919422e+03
1.939683111668774700e+03
1.938572655671457824e+03
1.937464903041811795e+03
1.936358591288068055e+03
1.935252590069180314e+03
1.934146103881308818e+03
1.933038385527428318e+03
1.931929188951576180e+03
1.930820171187294591e+03
1.929713445410231316e+03
1.928610695517057820e+03
1.927510864005875874e+03
1.926411825140477276e+03
1.925311583351034869e+03
1.924209806171633545e+03
1.923107253024395732e+03
1.922004707216292900e+03
1.920903012136715688e+03
1.919803079621291545e+03
1.918705824668367995e+03
1.917611506359255827e+03
1.916519002337366146e+03
1.915427011732010897e+03
1.914334554231909806e+03
1.913242090030769759e+03
1.912150481314154831e+03
1.911060508040873856e+03
1.909972028395628513e+03
1.908884335525290908e+03
1.907796723986451752e+03
1.906709027731949391e+03
1.905621823440616936e+03
1.904535743871999330e+03
1.903451176852046046e+03
1.902367681495023362e+03
1.901284641204548279e+03
1.900201494706731182e+03
1.899118256751024319e+03
1.898035275021019515e+03
1.896952904831265641e+03
1.895871631746065304e+03
1.894792140029330767e+03
1.893715133303888933e+03
1.892640946850387081e+03
1.891568183469672476e+03
1.890494934426719738e+03
1.889419394022001597e+03
1.888341973674966539e+03
1.887265144531351780e+03
1.886191464502025838e+03
1.885122365905961033e+03
1.884055827377012747e+03
1.882989163131900114e+03
1.881919891513775383e+03
1.880848429202977059e+03
1.879777285447086342e+03
1.878709023188340552e+03
1.877644994239513153e+03
1.876583335447042145e+03
1.875521651580964090e+03
1.874457718080324412e+03
1.873391780647610858e+03
1.872325888122449896e+03
1.871262137803120140e+03
1.870201906614593327e+03
1.869144358432158697e+03
1.868088233127424473e+03
1.867032306975291931e+03
1.865976192782703492e+03
1.864920284577150824e+03
1.863865007734333858e+03
1.862810691824507558e+03
1.861757197697571883e+03
1.860704244203786629e+03
1.859651553229067531e+03
1.858599103182296176e+03
1.857547274647282165e+03
1.856496484688522060e+03
1.855447103163322708e+03
1.854398993481587695e+03
1.853351717347633439e+03
1.852304830729858168e+03
1.851258066065610137e+03
1.850211800224869876e+03
1.849166557663815183e+03
1.848122854053219498e+03
1.847080631132596409e+03
1.846038979916231938e+03
1.844996919295871521e+03
1.843953570077108225e+03
1.842909416884999928e+03
1.841865897978338126e+03
1.840824476754520447e+03
1.839786309828319645e+03
1.838750911640261847e+03
1.837717254466949953e+03
1.836684306495207693e+03
1.835651266439301935e+03
1.834617949598133464e+03
1.833584271624579515e+03
1.832550154818842884e+03
1.831515876262982147e+03
1.830482230678147744e+03
1.829450056708761622e+03
1.828420148924430123e+03
1.827392407775246966e+03
1.826365932260427144e+03
1.825339789576629528e+03
1.824313125863714049e+03
1.823285915912180826e+03
1.822258615437286380e+03
1.821231687851451170e+03
1.820205581491151634e+03
1.819180636788778429e+03
1.818157151907742218e+03
1.817135426115334440e+03
1.816115580507929053e+03
1.815096915644254750e+03
1.814078494454398651e+03
1.813059376021346225e+03
1.812039051395448951e+03
1.811018558387961093e+03
1.809999282970422882e+03
1.808982616329816210e+03
1.807969269638216701e+03
1.806957892952089878e+03
1.805946744005450682e+03
1.804934074540553866e+03
1.803918999153353070e+03
1.802903040478400953e+03
1.801888141807229658e+03
1.800876252915791611e+03
1.799868412369424959e+03
1.798863174769792749e+03
1.797858671882920362e+03
1.796853028424586682e+03
1.795845090439491514e+03
1.794835828384361321e+03
1.793826603289264540e+03
1.792818781696714268e+03
1.791813363738613589e+03
1.790810111601527979e+03
1.789808527589583264e+03
1.788808111952224181e+03
1.787808429673628552e+03
1.786809326348013656e+03
1.785810721547396042e+03
1.784812534507687815e+03
1.783814681981517651e+03
1.782817067916202859e+03
1.781819591374548736e+03
1.780822150994277990e+03
1.779824682487089603e+03
1.778827451031071632e+03
1.777830894149615006e+03
1.776835452615184977e+03
1.775841543731153251e+03
1.774849196098987022e+03
1.773858131401857008e+03
1.772868061897970392e+03
1.771878702643496126e+03
1.770889917693839152e+03
1.769901762930217501e+03
1.768914307041639404e+03
1.767927618564001477e+03
1.766941669003883590e+03
1.765956209374065565e+03
1.764970959329400330e+03
1.763985637365411776e+03
1.763000067778047878e+03
1.762014566348802191e+03
1.761029591648835776e+03
1.760045604143706214e+03
1.759063024649860836e+03
1.758081829736584950e+03
1.757101724684963074e+03
1.756122409730414120e+03
1.755143588652231756e+03
1.754165156080849783e+03
1.753187259412213280e+03
1.752210063933986476e+03
1.751233735584276474e+03
1.750258375625650388e+03
1.749283878450632301e+03
1.748310097011246398e+03
1.747336883646809838e+03
1.746364106808673114e+03
1.745391792586093970e+03
1.744420054306631982e+03
1.743449006665921843e+03
1.742478763149885253e+03
1.741509349187294447e+03
1.740540659554909098e+03
1.739572578068002031e+03
1.738604988056612001e+03
1.737637798464114212e+03
1.736671041832032643e+03
1.735704787605504634e+03
1.734739105516618565e+03
1.733774064295743983e+03
1.732809705245706482e+03
1.731846043093780963e+03
1.730883091533237348e+03
1.729920864308743830e+03
1.728959383034321945e+03
1.727998696277327781e+03
1.727038858567071429e+03
1.726079924651699002e+03
1.725121939697038215e+03
1.724164777473442427e+03
1.723208165062098033e+03
1.722251823743946943e+03
1.721295473654660555e+03
1.720338957307008059e+03
1.719382546878131734e+03
1.718426609301857752e+03
1.717471513021672081e+03
1.716517615946474280e+03
1.715565007538958753e+03
1.714613511537959084e+03
1.713662939682973274e+03
1.712713102928704529e+03
1.711763828984281645e+03
1.710815030623245320e+03
1.709866646434322320e+03
1.708918614753715701e+03
1.707970875086321485e+03
1.707023450396162161e+03
1.706076492447116152e+03
1.705130164571408613e+03
1.704184630770666217e+03
1.703240043781261875e+03
1.702296437561792800e+03
1.701353777453106204e+03
1.700412027822615983e+03
1.699471152883026434e+03
1.698531109955170223e+03
1.697591833081808772e+03
1.696653251081874714e+03
1.695715292473705404e+03
1.694777885423572570e+03
1.693840955358486326e+03
1.692904423916747646e+03
1.691968212141237245e+03
1.691032240743417788e+03
1.690096439861611998e+03
1.689160857564030948e+03
1.688225620737509871e+03
1.687290858207088604e+03
1.686356699325691352e+03
1.685423268283820107e+03
1.684490660591731057e+03
1.683558962817905012e+03
1.682628261878632429e+03
1.681698644880220172e+03
1.680770128960828515e+03
1.679842551456975343e+03
1.678915720679678316e+03
1.677989444139434681e+03
1.677063529916786138e+03
1.676137857386875112e+03
1.675212411679481193e+03
1.674287186383043036e+03
1.673362175055402304e+03
1.672437378363049447e+03
1.671512938604901365e+03
1.670589128844117340e+03
1.669666228102799323e+03
1.668744516552379537e+03
1.667824239330630235e+03
1.666905241419317008e+03
1.665987117244987985e+03
1.665069455770070817e+03
1.664151844246678820e+03
1.663233929243815282e+03
1.662315804707234065e+03
1.661397765302843254e+03
1.660480107837865035e+03
1.659563130344509773e+03
1.658647094432422818e+03
1.657732057920578654e+03
1.656818009514927098e+03
1.655904937813430251e+03
1.654992831360243827e+03
1.654081668724066276e+03
1.653171384114936927e+03
1.652261899124281854e+03
1.651353135011442646e+03
1.650445012702947906e+03
1.649537442577357979e+03
1.648630294405977338e+03
1.647723427511154568e+03
1.646816700626884312e+03
1.645909971897196101e+03
1.645003171363989168e+03
1.644096509564020835e+03
1.643190265880059087e+03
1.642284720848793313e+03
1.641380156164713071e+03
1.640476771591355373e+03
1.639574434825070057e+03
1.638672929654614336e+03
1.637772038964828653e+03
1.636871544733386372e+03
1.635971264726855679e+03
1.635071184744993616e+03
1.634171339022989514e+03
1.633271761938285408e+03
1.632372488006820276e+03
1.631473582358335534e+03
1.630575282607097051e+03
1.629677887785369421e+03
1.628781698225360287e+03
1.627887015499430618e+03
1.626994070232690774e+03
1.626102543698865020e+03
1.625211862445044062e+03
1.624321449283832635e+03
1.623430724622203115e+03
1.622539163958413383e+03
1.621646919811316593e+03
1.620754588797778524e+03
1.619862777627969990e+03
1.618972095525661416e+03
1.618083128294309518e+03
1.617195904888280893e+03
1.616309914891286780e+03
1.615424623813404878e+03
1.614539494935130506e+03
1.613653995191010381e+03
1.612767940916003681e+03
1.611881691995052279e+03
1.610995656530806855e+03
1.610110244317264915e+03
1.609225866597204003e+03
1.608342771387239509e+03
1.607460757026105966e+03
1.606579544727210987e+03
1.605698854538551814e+03
1.604818405338560297e+03
1.603937980531953144e+03
1.603057718790244508e+03
1.602177879494619901e+03
1.601298723191392128e+03
1.600420511504356682e+03
1.599543487724609349e+03
1.598667652502271039e+03
1.597792840274239779e+03
1.596918881581888400e+03
1.596045606254909444e+03
1.595172844590094201e+03
1.594300483878345403e+03
1.593428493579636324e+03
1.592556849389028685e+03
1.591685526895923886e+03
1.590814501585176004e+03
1.589943760616285545e+03
1.589073331438963123e+03
1.588203250243401499e+03
1.587333553365974694e+03
1.586464277289692518e+03
1.585595459477797021e+03
1.584727145609056834e+03
1.583859386072421557e+03
1.582992231511302862e+03
1.582125732774511789e+03
1.581259939981701109e+03
1.580394856167809849e+03
1.579530415706150734e+03
1.578666547296150839e+03
1.577803179335044888e+03
1.576940239916854125e+03
1.576077670162223285e+03
1.575215468214237717e+03
1.574353647581081532e+03
1.573492221822800047e+03
1.572631204551285691e+03
1.571770614207663584e+03
1.570910550535684479e+03
1.570051181641188123e+03
1.569192678414022112e+03
1.568335212449666869e+03
1.567478955864834234e+03
1.566623958554801220e+03
1.565769935293064236e+03
1.564916543015504203e+03
1.564063437221404229e+03
1.563210271968755933e+03
1.562356730161513497e+03
1.561502839676131316e+03
1.560648849237671584e+03
1.559795012158900590e+03
1.558941582803946403e+03
1.558088816339050709e+03
1.557236907163133992e+03
1.556385908096859112e+03
1.555535852204289313e+03
1.554686772681107868e+03
1.553838702855115116e+03
1.552991661394009725e+03
1.552145504654120941e+03
1.551299987975352678e+03
1.550454864185657698e+03
1.549609885076961746e+03
1.548764801671373561e+03
1.547919488398375734e+03
1.547074141144787063e+03
1.546229007990365517e+03
1.545384338045010736e+03
1.544540381451891562e+03
1.543697377061099132e+03
1.542855377350915433e+03
1.542014289248267460e+03
1.541174015451507330e+03
1.540334458247172734e+03
1.539495519508478537e+03
1.538657110344679268e+03
1.537819178182766564e+03
1.536981678944806390e+03
1.536144568364184352e+03
1.535307801985025662e+03
1.534471336470215647e+03
1.533635174492689202e+03
1.532799376199064682e+03
1.531964005575593319e+03
1.531129126870840309e+03
1.530294804596545646e+03
1.529461094089389235e+03
1.528627978882561138e+03
1.527795409237520289e+03
1.526963335026453933e+03
1.526131705907433115e+03
1.525300471405572580e+03
1.524469621728449965e+03
1.523639254168270554e+03
1.522809483743842975e+03
1.521980425948800075e+03
1.521152196753301268e+03
1.520324907830880193e+03
1.519498548961770211e+03
1.518672980066415903e+03
1.517848054215183538e+03
1.517023623859040526e+03
1.516199540827379224e+03
1.515375670287734692e+03
1.514551986286239071e+03
1.513728514379905619e+03
1.512905280531722156e+03
1.512082310809296359e+03
1.511259631391247922e+03
1.510437287559445394e+03
1.509615385889705067e+03
1.508794045660678194e+03
1.507973386644023321e+03
1.507153529106162978e+03
1.506334592000310067e+03
1.505516588454633393e+03
1.504699368043669892e+03
1.503882765777240820e+03
1.503066615970045859e+03
1.502250752239301846e+03
1.501435013908284645e+03
1.500619342643226901e+03
1.499803763031771041e+03
1.498988302133427396e+03
1.498172987117518460e+03
1.497357845263486070e+03
1.496542920616187303e+03
1.495728378145291799e+03
1.494914436725079668e+03
1.494101316370044060e+03
1.493289238007745780e+03
1.492478423482246399e+03
1.491668993730378133e+03
1.490860679556648165e+03
1.490053116976021329e+03
1.489245940474602321e+03
1.488438783004292645e+03
1.487631276900667899e+03
1.486823257702946194e+03
1.486015022052466065e+03
1.485206931082251231e+03
1.484399347430705348e+03
1.483592635246257942e+03
1.482787155236577519e+03
1.481983028020350730e+03
1.481180029013127751e+03
1.480377906083602284e+03
1.479576406039337144e+03
1.478775274622762254e+03
1.477974263982246157e+03
1.477173292157021933e+03
1.476372441122770852e+03
1.475571800127758252e+03
1.474771458789984990e+03
1.473971507098284292e+03
1.473172031475062568e+03
1.472373067258479523e+03
1.471574613830735871e+03
1.470776669820688994e+03
1.469979233846602483e+03
1.469182304516140675e+03
1.468385881413367542e+03
1.467589972830254737e+03
1.466794591629376782e+03
1.465999750761276118e+03
1.465205463225772064e+03
1.464411742072102243e+03
1.463618598546806879e+03
1.462826031635276422e+03
1.462034035298206618e+03
1.461242603451299146e+03
1.460451729979789661e+03
1.459661408738330465e+03
1.458871625676653366e+03
1.458082325276801384e+03
1.457293438222314307e+03
1.456504894894231256e+03
1.455716625377830496e+03
1.454928559461713121e+03
1.454140644562516172e+03
1.453352907901740764e+03
1.452565399136279439e+03
1.451778168128131938e+03
1.450991264944061641e+03
1.450204739856228116e+03
1.449418646837509414e+03
1.448633053797516823e+03
1.447848032289477487e+03
1.447063654161040404e+03
1.446279991555337119e+03
1.445497116911456033e+03
1.444715075944100136e+03
1.443933815432402980e+03
1.443153259205362929e+03
1.442373330767491552e+03
1.441593953297601956e+03
1.440815049648138029e+03
1.440036558493357688e+03
1.439258476992771193e+03
1.438480815643428969e+03
1.437703584981923768e+03
1.436926795584522552e+03
1.436150458067121008e+03
1.435374572047341417e+03
1.434599096151099275e+03
1.433823979315887527e+03
1.433049170260997016e+03
1.432274617486811621e+03
1.431500269274123411e+03
1.430726095553530740e+03
1.429952153789268095e+03
1.429178523644195820e+03
1.428405285110830846e+03
1.427632518512405795e+03
1.426860304503946281e+03
1.426088710624665737e+03
1.425317744102744427e+03
1.424547395136558407e+03
1.423777653877421699e+03
1.423008510430311844e+03
1.422239954853714607e+03
1.421471971654000981e+03
1.420704516259922229e+03
1.419937534388760469e+03
1.419170971520052717e+03
1.418404772900312992e+03
1.417638883542296753e+03
1.416873257911842757e+03
1.416107912484673761e+03
1.415342888390830012e+03
1.414578226989066934e+03
1.413813969807318699e+03
1.413050158543208909e+03
1.412286835501675796e+03
1.411524046794775586e+03
1.410761840525294019e+03
1.410000265005663550e+03
1.409239368745769980e+03
1.408479200453710064e+03
1.407719798696664157e+03
1.406961084152788544e+03
1.406202901994701278e+03
1.405445095533674476e+03
1.404687507419189842e+03
1.403929979636877533e+03
1.403172364627257821e+03
1.402414706722916890e+03
1.401657213307442134e+03
1.400900097757374169e+03
1.400143574339499310e+03
1.399387858213885693e+03
1.398633159473981777e+03
1.397879510002756660e+03
1.397126735666549848e+03
1.396374650200338692e+03
1.395623066551839656e+03
1.394871796878631130e+03
1.394120654037672239e+03
1.393369549976488770e+03
1.392618557459003569e+03
1.391867764185024271e+03
1.391117258218953793e+03
1.390367127990849212e+03
1.389617462211715747e+03
1.388868324966451382e+03
1.388119721018421615e+03
1.387371646457405632e+03
1.386624097352052331e+03
1.385877069749787324e+03
1.385130559676518942e+03
1.384384549044447112e+03
1.383638967495623319e+03
1.382893732293561243e+03
1.382148760350366729e+03
1.381403968225678454e+03
1.380659272125587904e+03
1.379914613644071324e+03
1.379170088521101206e+03
1.378425850197759473e+03
1.377682052848854482e+03
1.376938851291405399e+03
1.376196400986871140e+03
1.375454842719373801e+03
1.374714156592596282e+03
1.373974226046462036e+03
1.373234932723782094e+03
1.372496157765262069e+03
1.371757781807726133e+03
1.371019688996541163e+03
1.370281849092551965e+03
1.369544314548928469e+03
1.368807141386394733e+03
1.368070385856823123e+03
1.367334104444013747e+03
1.366598353320957358e+03
1.365863155085288554e+03
1.365128479290377072e+03
1.364394290701129194e+03
1.363660553929885509e+03
1.362927233435890912e+03
1.362194293536617124e+03
1.361461706028718027e+03
1.360729463357612758e+03
1.359997561432581506e+03
1.359265996141735059e+03
1.358534763351943184e+03
1.357803858908747998e+03
1.357073284960433739e+03
1.356343075271964608e+03
1.355613273603308471e+03
1.354883923897190471e+03
1.354155070276506422e+03
1.353426757044934902e+03
1.352699019645428962e+03
1.351971805256705238e+03
1.351245010827712349e+03
1.350518532303810844e+03
1.349792265189267710e+03
1.349066104545892131e+03
1.348339951445532051e+03
1.347613858087818244e+03
1.346888030254409387e+03
1.346162681393876710e+03
1.345438025846440951e+03
1.344714278847196510e+03
1.343991654798041054e+03
1.343270202645894415e+03
1.342549669197247567e+03
1.341829768188782509e+03
1.341110212147939365e+03
1.340390712388702696e+03
1.339670979013481428e+03
1.338950814708523239e+03
1.338230354227923954e+03
1.337509806704818629e+03
1.336789382148774621e+03
1.336069291448096692e+03
1.335349746372475920e+03
1.334630941853356262e+03
1.333912944878885128e+03
1.333195765856015896e+03
1.332479414980618230e+03
1.331763902486045708e+03
1.331049238643300441e+03
1.330335427762309337e+03
1.329622371393060348e+03
1.328909884285501221e+03
1.328197777722582941e+03
1.327485862188879764e+03
1.326773947368104928e+03
1.326061844152560070e+03
1.325349495575976789e+03
1.324637057991985330e+03
1.323924707679822404e+03
1.323212621656687588e+03
1.322500977679859943e+03
1.321789954236759286e+03
1.321079687137553492e+03
1.320370171850590623e+03
1.319661375288912268e+03
1.318953264221340760e+03
1.318245805271921427e+03
1.317538964919370756e+03
1.316832707914502862e+03
1.316126987785067513e+03
1.315421753129904573e+03
1.314716952309392809e+03
1.314012533462307601e+03
1.313308444505055149e+03
1.312604634378509445e+03
1.311901073641408857e+03
1.311197751326623575e+03
1.310494657011336358e+03
1.309791780225446018e+03
1.309089110451428724e+03
1.308386637583371112e+03
1.307684385974495171e+03
1.306982438036181065e+03
1.306280882069203017e+03
1.305579806741579205e+03
1.304879301089835963e+03
1.304179454517602835e+03
1.303480319833467775e+03
1.302781820182305864e+03
1.302083849871493385e+03
1.301386302758995271e+03
1.300689072251783500e+03
1.299992051304357119e+03
1.299295147853342996e+03
1.298598390552340788e+03
1.297901865338227026e+03
1.297205658842500725e+03
1.296509858057326710e+03
1.295814550336720458e+03
1.295119819805998304e+03
1.294425675024881457e+03
1.293732052181095924e+03
1.293038884305707143e+03
1.292346104143618049e+03
1.291653644152595689e+03
1.290961436876434163e+03
1.290269456492133031e+03
1.289577756799463714e+03
1.288886400749535142e+03
1.288195451554499186e+03
1.287504972688402177e+03
1.286815027888080294e+03
1.286125658377046875e+03
1.285436812326932341e+03
1.284748413841175534e+03
1.284060386699428363e+03
1.283372654356474868e+03
1.282685139941172110e+03
1.281997775037668134e+03
1.281310572598810495e+03
1.280623590005243614e+03
1.279936885316953976e+03
1.279250516834666087e+03
1.278564543100567562e+03
1.277879022245020906e+03
1.277193995076250530e+03
1.276509483473332011e+03
1.275825508442723276e+03
1.275142091074782911e+03
1.274459252544076662e+03
1.273777013949076490e+03
1.273095366235997744e+03
1.272414234576056742e+03
1.271733535190248631e+03
1.271053183942488431e+03
1.270373096338427104e+03
1.269693187524285349e+03
1.269013394068870866e+03
1.268333753271944261e+03
1.267654331839719134e+03
1.266975196758898164e+03
1.266296415294581720e+03
1.265618054991170084e+03
1.264940179671842770e+03
1.264262811066126005e+03
1.263585945509841622e+03
1.262909578970783059e+03
1.262233707395404508e+03
1.261558326708736331e+03
1.260883432965435304e+03
1.260209026909614295e+03
1.259535114806370757e+03
1.258861703257269482e+03
1.258188798887321582e+03
1.257516408345082709e+03
1.256844538202550893e+03
1.256173169739840205e+03
1.255502225474373972e+03
1.254831619302030958e+03
1.254161264751902536e+03
1.253491074985127852e+03
1.252820962793784929e+03
1.252150865303184673e+03
1.251480838245920950e+03
1.250810973299581747e+03
1.250141362531711366e+03
1.249472098394169734e+03
1.248803273724341125e+03
1.248134974388955698e+03
1.247467209481676718e+03
1.246799942075823083e+03
1.246133134469123888e+03
1.245466748796260163e+03
1.244800747028310980e+03
1.244135092490386796e+03
1.243469791274135559e+03
1.242804897426474781e+03
1.242140467738485086e+03
1.241476559236354433e+03
1.240813229182200757e+03
1.240150534709385738e+03
1.239488475996836769e+03
1.238826934294668035e+03
1.238165775523239972e+03
1.237504865033516580e+03
1.236844067605215287e+03
1.236183247445111874e+03
1.235522309544160407e+03
1.234861326559525651e+03
1.234200414138436145e+03
1.233539688412714440e+03
1.232879266000186362e+03
1.232219264006164167e+03
1.231559793466612746e+03
1.230900913047689301e+03
1.230242656152579912e+03
1.229585056156015980e+03
1.228928146568637885e+03
1.228271961037529081e+03
1.227616529054570037e+03
1.226961802813979148e+03
1.226307667118093605e+03
1.225654004050899857e+03
1.225000695194562468e+03
1.224347621627712670e+03
1.223694664715545287e+03
1.223041749077726536e+03
1.222388864810534869e+03
1.221736007393446698e+03
1.221083172284601915e+03
1.220430354920776381e+03
1.219777550783385323e+03
1.219124789725273331e+03
1.218472192386426741e+03
1.217819894675216574e+03
1.217168033068815703e+03
1.216516744615083098e+03
1.215866166934622470e+03
1.215216405515429642e+03
1.214567411484598779e+03
1.213919090006058241e+03
1.213271345832416273e+03
1.212624083310073729e+03
1.211977206377729090e+03
1.211330628953883433e+03
1.210684353052637789e+03
1.210038425432193435e+03
1.209392893389539950e+03
1.208747804417271254e+03
1.208103206204286607e+03
1.207459140369645183e+03
1.206815545259547434e+03
1.206172274034725206e+03
1.205529176722339798e+03
1.204886102713694527e+03
1.204242900762449835e+03
1.203599424570354813e+03
1.202955738509367393e+03
1.202312178471109974e+03
1.201669099557622758e+03
1.201026858362829216e+03
1.200385812978401418e+03
1.199746320144159426e+03
1.199108357379428071e+03
1.198471142437084609e+03
1.197833799603938587e+03
1.197195449465266393e+03
1.196555208899269701e+03
1.195912191268075276e+03
1.195265846607981302e+03
1.194616666191709783e+03
1.193965342672510815e+03
1.193312571617574577e+03
1.192659051504997251e+03
1.192005483724833084e+03
1.191352476399281159e+03
1.190700186757410165e+03
1.190048639192598330e+03
1.189397858176729642e+03
1.188747868278793931e+03
1.188098694165302959e+03
1.187450357706992691e+03
1.186802831977343430e+03
1.186156049208086415e+03
1.185509940101865368e+03
1.184864435067521754e+03
1.184219464218983603e+03
1.183574957374148426e+03
1.182930853109911595e+03
1.182287132426666403e+03
1.181643788805716895e+03
1.181000815699076156e+03
1.180358206527677339e+03
1.179715954681249514e+03
1.179074053518236497e+03
1.178432496365667475e+03
1.177791276519060830e+03
1.177150387242332727e+03
1.176509821767671156e+03
1.175869573295440432e+03
1.175229634994082289e+03
